32009 34442 3332 0
21280 42010 39926 0
33198 24580 39208 0
29231 47749 17924 0
41463 11776 23006 0
11799 7826 20611 0
43775 49435 11937 0
25420 8116 5969 0
27147 38783 45737 0
8249 28926 35846 0
25843 16829 45182 0
39240 36497 42797 0
21404 5567 44906 0
1029 7992 32601 0
65 40590 27427 0
20222 26662 5093 0
15792 46625 18271 0
19760 12047 44425 0
37034 7827 6553 0
26158 41756 40319 0
8925 24480 45089 0
24072 10476 44805 0
27260 44231 16745 0
49503 44686 48173 0
23805 36483 7592 0
48729 31251 25930 0
47088 20056 23648 0
15306 15554 15352 0
2800 21386 39149 0
5604 7721 10607 0
12538 3180 6518 0
44246 32401 43076 0
22529 42844 19339 0
17520 48239 34722 0
47444 22690 37178 0
40431 29203 7214 0
26565 9401 39966 0
48054 27488 15622 0
20119 1296 22304 0
9878 18133 30643 0
13835 27251 35285 0
5033 8566 11897 0
17970 4039 46914 0
43797 49438 6608 0
2259 10148 15502 0
49674 47113 10074 0
32398 7588 30520 0
9806 2996 49511 0
1711 16037 15147 0
10387 39380 17222 0
5420 1831 44630 0
35279 8622 21360 0
5665 18203 5828 0
24745 28655 36007 0
14912 4941 41352 0
38333 3224 48777 0
8268 32401 16380 0
21387 29587 38635 0
46592 13712 16647 0
5171 12808 13069 0
28105 43371 20752 0
9884 49080 36181 0
14451 1123 38753 0
33625 46519 41723 0
25306 29176 31552 0
20682 12849 45919 0
893 37841 6396 0
27645 4084 44637 0
23113 10987 19761 0
39601 29060 49992 0
23431 29288 48528 0
10764 25422 32194 0
34043 6570 189 0
48898 15885 27402 0
13262 19793 18333 0
37039 31246 46678 0
34190 2661 33328 0
46619 34269 3900 0
13774 36500 5709 0
21306 13099 36862 0
43363 40125 46046 0
49561 29 3197 0
40594 26617 25377 0
38387 4141 34259 0
15609 44887 6904 0
10964 1205 33258 0
34233 25843 344 0
17539 1187 276 0
43267 8079 15623 0
9697 49723 16305 0
24539 23056 14848 0
8550 39076 32857 0
7130 1715 22674 0
37355 9435 21092 0
10811 42759 28619 0
9717 12461 22970 0
1477 3822 3335 0
16892 21338 45564 0
25786 29874 46619 0
3441 49656 40639 0
37596 35963 30695 0
44051 14486 17076 0
30963 48122 24072 0
576 11229 12192 0
22320 27434 27777 0
29894 8058 27769 0
2949 3347 22200 0
13248 12079 47763 0
23938 29409 32670 0
44887 10882 24285 0
9384 39271 19740 0
3987 25048 14585 0
42877 6325 24541 0
33380 27004 24644 0
34064 9216 8480 0
45715 39566 38911 0
27758 28273 10146 0
39379 9806 40867 0
34911 3092 24793 0
27447 12542 13483 0
46380 30486 7251 0
5391 7352 16245 0
18160 5420 31245 0
498 8086 32626 0
45412 42597 23972 0
36736 40149 47930 0
17781 35059 6920 0
29963 18069 21429 0
47968 13849 35344 0
15831 29578 9385 0
5709 2320 43085 0
37246 16548 9697 0
40818 32486 21092 0
16992 3441 17677 0
12292 8893 16276 0
37590 30696 29473 0
44625 12226 8577 0
48729 40190 12029 0
46060 33573 35089 0
42715 40703 26391 0
41017 41026 16629 0
44546 49921 17983 0
752 28005 26027 0
26332 2932 43138 0
12389 21151 49486 0
12982 30768 47703 0
24351 38642 5428 0
7002 42400 3224 0
5428 18578 10650 0
3605 24428 1153 0
36736 27176 13011 0
12470 38000 30597 0
41484 31079 43592 0
41262 2837 46914 0
7774 42437 49345 0
6737 35317 16912 0
23952 43865 48924 0
34246 39696 31552 0
49769 48053 19399 0
1605 5 15100 0
24539 41617 46643 0
20970 27375 5362 0
40589 21539 24844 0
33750 31195 31888 0
5567 13563 10678 0
19677 23379 27487 0
4949 3072 39638 0
34249 11895 40394 0
49436 7147 12676 0
29118 33999 2885 0
38341 32090 37881 0
4230 8622 38658 0
12230 1599 2652 0
48891 10782 26522 0
8944 44932 28548 0
16077 31863 40349 0
9402 4869 49992 0
38431 27832 10146 0
24488 10652 32173 0
23969 10190 42507 0
15546 3346 32455 0
36632 30165 15623 0
37648 29400 6085 0
3694 3295 39957 0
21073 2259 42663 0
46520 46922 17692 0
18961 7757 41238 0
42998 34416 41696 0
24774 9576 12275 0
35283 46237 34948 0
7326 8577 34283 0
5627 8136 34270 0
13002 2588 36594 0
35626 34459 2451 0
40822 26491 20857 0
6376 28844 5696 0
10188 29290 2466 0
28297 28530 14717 0
690 18953 30152 0
5699 49075 11633 0
17080 176 16793 0
10031 604 24258 0
30006 2084 49588 0
19324 11971 15528 0
37259 9171 39170 0
28248 21218 10912 0
2339 17082 29856 0
27553 38858 24212 0
24157 45233 26778 0
15308 48709 7048 0
8735 43829 47550 0
25244 12668 31029 0
12308 10212 18368 0
25816 41774 20002 0
19444 15044 24072 0
30695 34376 3859 0
11163 49401 1611 0
32626 6328 5928 0
11133 34420 24338 0
44997 34448 11535 0
48603 34949 24583 0
28963 6973 20424 0
36455 30009 43359 0
5149 31015 33781 0
561 34460 26207 0
36389 16777 30609 0
24258 38658 7547 0
15225 8882 22847 0
9494 45556 49511 0
12419 36836 33011 0
15191 34919 35683 0
14210 20404 37432 0
28014 42972 11563 0
29029 38083 7203 0
39800 16766 24038 0
220 36813 38044 0
493 17964 24284 0
9362 24750 44709 0
49932 13002 34778 0
38719 7915 40967 0
19082 44474 33516 0
23061 1724 9860 0
22257 3334 35 0
21092 32990 43252 0
47588 32305 36445 0
8690 20857 28926 0
23139 16116 48643 0
7374 2932 5699 0
21563 25110 43849 0
27989 9619 43639 0
20643 13555 6078 0
34235 23964 23352 0
42649 11444 47068 0
42877 17269 43555 0
8655 33975 44599 0
33085 22991 24163 0
36470 30182 46678 0
11176 12749 10043 0
9853 30951 33235 0
48317 38464 11283 0
45716 24297 29232 0
38847 34068 17947 0
39218 40275 41200 0
26027 40449 4906 0
36615 24417 11583 0
40708 4631 17633 0
2053 29336 38748 0
32376 782 43289 0
5939 7130 32202 0
527 29430 3347 0
9464 212 22264 0
23895 18704 11400 0
46865 23822 15689 0
8660 35835 38003 0
27147 31927 13627 0
27089 34540 35688 0
12009 36955 11963 0
43037 25838 10545 0
17128 15524 36376 0
28767 32233 35377 0
40407 32283 18102 0
16189 35965 16810 0
48075 4459 31534 0
2825 19450 7352 0
15518 29616 5099 0
14358 19351 24228 0
7442 42073 23522 0
29153 33745 37869 0
4797 42292 44686 0
35291 47557 37558 0
40346 20994 39076 0
17568 27760 21903 0
3808 3609 4322 0
13523 28828 371 0
23601 604 11372 0
5163 35012 18298 0
49735 32839 45516 0
18211 37456 15871 0
27961 49871 8383 0
49555 7379 26081 0
26427 43998 37672 0
26526 21080 2433 0
42785 3984 15742 0
30383 6512 17156 0
42958 28456 15465 0
16594 20777 24470 0
25388 42341 31241 0
20976 39619 28302 0
19866 3689 25144 0
45143 6434 731 0
37799 40656 35884 0
3938 34026 40590 0
37984 36028 9616 0
7379 6650 19858 0
8427 12414 34168 0
17432 36357 6240 0
34927 45584 32147 0
3224 14912 20555 0
40343 18066 10455 0
23002 29057 26137 0
35666 8797 45445 0
23652 49941 44443 0
16521 24502 36415 0
42124 49587 37920 0
43932 21437 22358 0
19185 1320 9997 0
8449 14288 34063 0
20458 17948 23528 0
527 43992 42301 0
35041 4459 10236 0
31241 22358 9946 0
46394 29283 18900 0
44771 23240 18249 0
19869 5805 42438 0
25020 26824 19188 0
30269 39484 23357 0
47633 13880 11114 0
1170 45187 41471 0
26843 29875 47980 0
2153 10578 32721 0
12507 14593 41900 0
6170 11018 16939 0
40802 46547 17432 0
19329 11134 19196 0
31970 28896 49734 0
48317 11196 40906 0
9138 2142 43277 0
49040 29587 40317 0
37664 25290 1039 0
18066 45358 13194 0
40595 39519 44743 0
25582 6899 21293 0
11122 49569 33258 0
15792 25862 24104 0
31193 5232 17112 0
3366 25682 20674 0
28175 36386 18630 0
21386 28244 13090 0
24725 1380 29121 0
46904 44275 4721 0
12643 29174 1755 0
40420 5433 1999 0
19878 4013 989 0
18624 26729 5441 0
5568 28400 35028 0
11558 17750 36791 0
35934 11972 29540 0
25549 14393 27026 0
33781 31728 748 0
33598 21743 43867 0
43700 37981 3438 0
46409 9985 33819 0
32341 14167 332 0
41124 11698 42204 0
12010 6440 27137 0
19527 14343 20319 0
1747 13999 45787 0
13968 6374 35373 0
48856 8812 37772 0
12570 49205 3304 0
20856 28005 30553 0
2262 3103 40761 0
7718 29544 24229 0
12622 37843 19390 0
41653 29066 13470 0
33489 27780 22249 0
40504 32484 1211 0
25245 43447 23477 0
45035 38574 2863 0
43600 46658 45070 0
21594 3128 37673 0
32703 10100 33421 0
28548 40759 4240 0
1632 22521 2808 0
20931 47651 23964 0
17011 43508 42379 0
28005 31319 20752 0
17107 9449 46513 0
27071 20088 47991 0
43783 29173 13110 0
12814 27176 713 0
47930 4240 46419 0
12659 28265 29893 0
23752 24285 26430 0
40649 33105 49100 0
35338 14067 64 0
11416 46692 3607 0
36415 10267 28068 0
733 39489 21204 0
15452 5684 44925 0
35149 22993 14138 0
43542 14061 5115 0
13088 47423 9322 0
41398 44448 49590 0
31976 35873 21892 0
25300 23220 997 0
35058 22930 21218 0
44051 43205 45268 0
25961 28098 15740 0
35683 11475 468 0
42010 12949 46297 0
31193 29409 38152 0
3103 46054 34017 0
18808 1242 29856 0
43504 13152 16010 0
28958 40935 1548 0
20649 46741 20056 0
22648 15149 34750 0
6328 46992 37039 0
19581 37087 41806 0
8217 15494 13326 0
36356 5822 35327 0
32161 22314 20858 0
35827 29117 49973 0
26879 7774 25199 0
2451 40516 871 0
20750 16723 32474 0
31345 35694 31607 0
3378 47691 38307 0
29274 46463 10334 0
46369 22970 26918 0
2067 32488 38892 0
42753 11008 3362 0
6650 46237 28636 0
29410 404 5640 0
15636 9059 44350 0
38691 3886 25614 0
2034 25621 32484 0
10215 22500 33603 0
11514 48975 11963 0
33126 24891 41946 0
5282 13181 10243 0
10872 39519 3893 0
42637 3911 45296 0
31395 14904 28268 0
47969 6761 6570 0
45737 14193 21878 0
16541 21458 26913 0
20914 21293 42402 0
37712 12946 37063 0
45186 12328 3180 0
47987 14393 42083 0
2841 25838 5775 0
15884 37718 19662 0
37877 42802 12911 0
27440 10987 39149 0
45370 5112 44448 0
6719 42519 28267 0
134 6504 8522 0
35011 49651 29092 0
46643 37246 27639 0
30712 41984 29512 0
9998 11054 25905 0
1901 14877 10205 0
1551 27730 49769 0
15893 3647 34150 0
5028 25280 32267 0
4624 49091 13613 0
29515 6276 33767 0
4470 36358 29289 0
49387 21094 25385 0
46200 37456 34026 0
14689 2478 37456 0
21685 15623 32173 0
5216 29505 7965 0
10363 2204 28694 0
1701 14643 33421 0
1144 26421 37712 0
45288 40759 39149 0
6553 4271 43992 0
33268 21547 2322 0
42281 8189 6971 0
27438 29587 8098 0
38719 2680 12430 0
42307 23379 3183 0
93 31029 27813 0
12740 44875 11937 0
13008 14203 12854 0
19982 26985 1950 0
39769 32968 3647 0
18670 19778 23175 0
26881 13800 19633 0
29057 18657 13230 0
34445 38130 29917 0
46206 11695 31338 0
46419 1142 13086 0
47771 312 32316 0
13951 12470 1540 0
2149 26424 41847 0
352 3346 3909 0
9123 46990 11975 0
12355 31435 2169 0
34676 35757 46655 0
27425 20404 11178 0
29980 41849 17764 0
43684 33160 5924 0
10895 33728 46523 0
28688 7971 35665 0
35756 20366 38691 0
31658 18526 32670 0
19753 39566 32874 0
47581 5604 20763 0
22533 43279 30635 0
44498 1711 49375 0
38946 19492 22777 0
3555 26312 32369 0
8753 43945 4046 0
12167 32479 2209 0
34828 31969 35750 0
8900 37779 49566 0
38044 13374 13716 0
28017 38929 33996 0
13191 48515 23156 0
41368 9524 29959 0
28428 11572 29505 0
38818 42587 4468 0
16133 21204 14393 0
47771 26498 24447 0
30851 3361 24072 0
45102 35633 2861 0
33686 22089 30458 0
17084 28570 10896 0
10741 9014 29468 0
13434 2513 35594 0
47182 32502 38064 0
6733 6831 34845 0
44529 45212 11698 0
14007 12814 17002 0
13326 18803 2429 0
43184 11018 40548 0
29468 23825 27562 0
9666 33545 21531 0
12808 28110 41200 0
27301 43668 11734 0
31000 45322 25092 0
19484 31246 28525 0
31703 38710 41946 0
25177 33643 33596 0
8072 12420 11975 0
417 47749 48653 0
42352 8774 16801 0
48671 49494 42183 0
9069 21974 13650 0
30495 7093 2962 0
747 9754 29522 0
39486 26027 8853 0
37136 30006 47839 0
20914 39995 18847 0
12854 45810 45106 0
6328 41756 13594 0
2185 13858 42352 0
33819 49717 17082 0
36183 33509 21761 0
1681 48141 11421 0
31523 14167 36067 0
46420 4411 30924 0
7475 48109 33514 0
27522 19351 41664 0
37648 3211 39431 0
8355 22070 41740 0
40349 45001 32629 0
38818 21869 14708 0
18994 44272 29703 0
12915 24818 49761 0
11661 37738 5587 0
5566 39333 32573 0
46238 33640 45377 0
7647 21870 39628 0
18961 9062 24502 0
11896 29634 7792 0
11237 4599 11078 0
48009 45574 16305 0
432 2800 33164 0
45548 49426 40258 0
8778 38838 45679 0
28625 28163 8044 0
301 19983 18683 0
40971 25306 22472 0
18538 708 40733 0
28989 41739 28038 0
7592 6276 25066 0
46906 34595 18654 0
29905 30945 12260 0
19027 23822 16375 0
39530 29620 23371 0
31955 10548 9755 0
32827 29007 41133 0
38683 18847 30829 0
29593 35690 22881 0
29288 32787 23116 0
8655 39397 24094 0
10133 36819 12430 0
28220 20197 15528 0
27855 41019 18847 0
9318 31158 31583 0
38254 42113 38041 0
46486 18192 33076 0
41259 25280 40000 0
19094 25762 42559 0
96 7612 38770 0
25942 32631 18737 0
35355 4360 47040 0
3601 33617 7757 0
21651 16471 26737 0
14488 9253 14698 0
29699 2390 19405 0
3922 524 31102 0
43947 255 10577 0
9849 49439 49525 0
16380 7147 38340 0
16272 94 42666 0
34069 5959 43976 0
14413 19273 18710 0
34081 31674 39012 0
44 35996 17196 0
30949 3727 22093 0
2355 47701 28619 0
29905 27656 37257 0
11427 49021 42347 0
7884 20723 8443 0
8451 22379 1960 0
11971 11029 31286 0
17011 46992 26124 0
16541 34493 41756 0
41138 9819 45716 0
8661 39012 10151 0
41818 36672 38617 0
14499 37566 44830 0
27981 10819 34341 0
20970 30646 6895 0
46420 41520 27638 0
19399 37493 20452 0
28763 39480 33934 0
2038 36611 330 0
45176 33502 36836 0
18425 35106 19935 0
20831 39256 39037 0
11425 18803 36363 0
23446 29314 39957 0
49283 12470 42805 0
7548 15574 24385 0
42543 10314 4778 0
12499 28212 3024 0
27402 12991 38547 0
31703 15452 34009 0
40747 15839 13570 0
31747 4244 27814 0
42709 15577 26853 0
14949 42539 44546 0
48898 47691 35835 0
12284 40509 46864 0
17422 49163 36389 0
2675 20119 40159 0
49373 25915 45384 0
16148 45 3585 0
5567 11421 20114 0
36251 49989 18425 0
9251 42332 35269 0
23332 27862 40589 0
15883 13223 30699 0
45470 29400 36183 0
31737 36254 25976 0
38493 5481 11912 0
18073 9281 12553 0
32099 38208 44350 0
17255 29932 4172 0
1689 33257 16997 0
7320 33832 47943 0
46763 33745 44426 0
17221 236 11060 0
43514 40328 25290 0
30856 44475 43988 0
5895 6885 49588 0
40449 1153 16774 0
34358 29315 25377 0
6920 1985 19682 0
2330 48215 42110 0
30280 12375 38326 0
21248 9327 48489 0
36618 22973 18018 0
31107 31193 41607 0
27981 18844 48257 0
21758 7444 3644 0
12923 25808 47834 0
46003 39911 5635 0
43205 39404 35651 0
26092 31288 1977 0
9854 35613 49748 0
10847 11479 2512 0
10000 35134 20546 0
2731 22316 21706 0
31203 9413 28300 0
23812 30820 15571 0
44468 44359 4854 0
27911 42239 45163 0
1168 13051 40703 0
1736 21227 27280 0
11683 28220 8476 0
45769 34238 6064 0
20783 46658 8856 0
42755 6067 47994 0
10755 39886 2855 0
42688 18377 28627 0
7985 45487 17838 0
14659 18935 33058 0
16577 49894 35948 0
28541 13122 22090 0
28724 44725 16497 0
17717 38257 25696 0
10487 22844 45982 0
44 6867 26918 0
25069 26424 3009 0
6973 1178 24169 0
9375 13480 22692 0
16577 42148 45314 0
28362 37066 7444 0
34231 41291 43740 0
33857 10314 6543 0
48489 38130 26552 0
14384 24191 19935 0
35805 23345 2630 0
1907 536 22093 0
6736 25624 25920 0
44757 23797 4018 0
20471 42318 11305 0
21322 48842 4571 0
31552 34664 23113 0
47670 18603 20852 0
25609 43641 40320 0
37063 10010 35132 0
30407 14040 42697 0
4249 19004 39223 0
31152 2473 19639 0
7102 25063 8419 0
14898 10797 36155 0
1145 29854 43194 0
33963 10151 43324 0
20295 41040 23182 0
22063 33453 35662 0
38675 4726 13312 0
43045 29203 16567 0
20649 12209 18215 0
24450 12247 15496 0
45030 20606 44624 0
2289 15014 19310 0
34206 13040 20168 0
45672 10513 47581 0
13944 20549 42925 0
24661 1674 38003 0
16397 5037 34022 0
13924 30943 41525 0
31510 17460 31245 0
43669 43253 40556 0
8791 10334 7179 0
43783 927 6665 0
753 20119 32262 0
37165 22716 34036 0
28408 32830 21243 0
6187 12777 47981 0
20088 17178 3731 0
4411 42010 5472 0
36858 20473 37178 0
11444 49004 41858 0
23533 1142 48891 0
11979 28784 29518 0
30257 24220 41220 0
20897 11367 1820 0
39404 16400 49875 0
32402 27954 38921 0
24480 36353 11276 0
39056 24137 27301 0
28598 49494 30902 0
32744 47349 33242 0
41217 24581 46409 0
19526 15516 35658 0
17746 21865 42231 0
13899 41858 11356 0
49122 42402 43585 0
41613 39118 28113 0
21280 35782 24791 0
37693 43164 4295 0
16002 21152 37879 0
6136 1466 16521 0
48844 8794 21087 0
129 17752 15147 0
14136 29330 49868 0
22037 578 1320 0
1621 49777 13899 0
25209 19570 31959 0
41040 29893 29280 0
7328 47633 35690 0
9401 2006 13966 0
1185 48514 43727 0
22358 28858 17111 0
31904 16248 26088 0
15381 14805 40808 0
12643 48612 41529 0
33711 48113 18704 0
293 4840 36007 0
49420 2574 11018 0
41279 7081 34722 0
25209 27286 15542 0
4967 27868 11216 0
25838 22451 39927 0
39531 49913 27176 0
22200 6328 37877 0
13239 9118 41984 0
21297 45580 33478 0
49672 37032 34855 0
12854 49769 34711 0
10614 9509 47863 0
9094 15258 39628 0
24349 8548 35281 0
21573 22553 9058 0
29049 41742 43918 0
6661 524 3661 0
49671 1211 11229 0
10010 33764 32002 0
39638 2283 25523 0
11831 7053 32455 0
47421 18527 4046 0
17140 34036 2287 0
3909 49234 33087 0
10776 45677 24521 0
33638 33194 44749 0
4509 36786 44500 0
12260 45704 10652 0
16997 48136 13629 0
7706 47274 38591 0
23428 22109 20813 0
17257 33380 708 0
4585 42984 5673 0
743 23528 12461 0
11416 41702 10954 0
9373 27215 527 0
26493 11802 27155 0
47288 5069 7183 0
30244 16990 20914 0
37191 27301 39883 0
38643 43893 43145 0
7349 7077 25697 0
35939 31152 33063 0
44385 39474 45014 0
35282 42475 5973 0
18012 11671 33127 0
41922 25534 12384 0
5699 11618 12634 0
2887 31193 46194 0
9781 6078 42954 0
22080 46434 24837 0
29060 39196 33325 0
48347 26083 38368 0
42103 28292 19067 0
41257 3257 31158 0
29807 28140 42083 0
598 20725 47102 0
6221 39049 9062 0
30321 35934 20086 0
44589 2052 42490 0
41666 9459 3523 0
46782 29275 3277 0
30152 14878 28035 0
22189 39965 39709 0
34711 179 19390 0
39223 28320 13011 0
3607 39471 43245 0
13357 32016 23808 0
47473 39818 17395 0
2289 37264 49314 0
14358 36107 25685 0
47381 26818 35548 0
46396 11691 42103 0
35106 31776 19616 0
30378 30943 24374 0
19898 17247 20983 0
19894 44031 48054 0
30643 37382 19633 0
49269 27716 12295 0
26342 20197 11689 0
21095 44991 14079 0
44035 49066 9375 0
36595 39409 16793 0
14778 49067 29518 0
49594 20643 7649 0
44426 40802 17200 0
24319 32290 22579 0
41963 16554 29225 0
33638 25689 1632 0
3899 15839 16191 0
49561 13229 45457 0
37588 7087 20753 0
41200 23428 39966 0
34746 25719 32016 0
4866 9717 5207 0
27533 13240 21930 0
45574 35884 25117 0
44849 34065 39589 0
30446 18106 7502 0
6971 7573 41609 0
1424 47689 42166 0
27202 49075 7907 0
46324 19305 1601 0
3347 8175 25571 0
7588 48108 32403 0
10486 47220 43698 0
16235 22924 24387 0
12820 15008 48266 0
18657 11080 10601 0
18808 21227 40746 0
24591 12247 22270 0
16763 6889 11056 0
33307 15100 16331 0
48147 1389 28972 0
44034 39409 10301 0
22227 7147 22824 0
49239 18097 236 0
11642 16990 47329 0
344 34263 10343 0
12260 39906 44109 0
3678 41338 26065 0
18100 14193 37718 0
25880 36208 19015 0
22692 15662 8217 0
28828 40346 22408 0
29104 44117 48145 0
23352 17860 23660 0
45176 31935 5349 0
14470 30486 9583 0
48496 8135 42341 0
11707 37799 12167 0
34598 21528 43932 0
16082 14456 5557 0
21829 36356 26783 0
31000 41964 4240 0
28320 31669 31904 0
44936 10275 44443 0
46520 12265 2859 0
25097 36574 42379 0
47207 34108 17196 0
38514 16755 31776 0
7327 8332 43980 0
33325 9910 41664 0
38345 13583 2642 0
16531 19106 19812 0
8135 49196 30696 0
33271 5649 44849 0
17355 43068 16313 0
17924 40386 7778 0
15735 8529 42175 0
10912 49371 16065 0
45004 47190 42649 0
35357 49107 32683 0
21564 38718 49303 0
2401 28694 28428 0
16947 2910 16268 0
36040 17673 42437 0
17328 600 11642 0
19575 37493 38772 0
7832 49569 22552 0
23607 31890 26930 0
24543 7640 10148 0
40814 30088 7605 0
18925 11574 33867 0
19753 1434 39875 0
23100 11689 42465 0
30520 12264 9435 0
41686 26311 26178 0
6703 29634 15755 0
16471 24068 42734 0
34720 31284 32669 0
2932 11583 36363 0
6798 23808 12499 0
43164 15609 49469 0
40319 28634 12509 0
47931 12424 46964 0
35524 21808 17257 0
9857 12777 11276 0
36393 43932 35147 0
14567 3366 24639 0
38630 46866 7374 0
29828 8426 8573 0
40635 20256 42722 0
3548 2569 48197 0
7187 38321 21386 0
47969 21151 46159 0
31015 13106 19541 0
9934 47564 42543 0
12936 40822 20023 0
977 18694 11643 0
49383 11709 12435 0
48640 14434 5529 0
8663 22833 7889 0
22200 38463 47326 0
21231 47288 34748 0
3735 6661 11920 0
37012 5202 28417 0
27415 20910 33728 0
31711 1757 24491 0
19904 17457 7462 0
48669 12158 20546 0
42860 17387 37355 0
26137 761 20606 0
34787 47375 42621 0
44754 10545 27301 0
46756 43669 32206 0
16456 24589 7842 0
36723 22145 19480 0
21529 25178 7002 0
29952 11772 37103 0
2227 32076 36955 0
4609 23644 41900 0
35149 38484 46725 0
42517 16011 12991 0
482 21971 9070 0
31991 21144 16235 0
39863 38658 21803 0
42239 33451 10782 0
49739 40843 22118 0
13951 1240 17071 0
27931 21522 8941 0
2628 35756 25206 0
26350 15897 27052 0
33934 10365 10124 0
20731 29205 38804 0
36393 14137 29232 0
35403 35779 33926 0
29716 47824 8973 0
7328 45513 37334 0
10675 8197 1249 0
42991 32076 39435 0
19529 31985 7972 0
34548 5125 24157 0
49107 13835 24753 0
22788 43289 10148 0
45488 27768 30 0
11732 189 7731 0
27871 27813 37324 0
16309 19988 30895 0
46732 37830 21498 0
44591 14165 36868 0
32737 1211 8443 0
407 9080 27080 0
17014 25405 44526 0
9385 41189 24750 0
7655 8696 44662 0
23851 5392 20257 0
9077 13326 36632 0
13768 13774 38207 0
21199 13924 36015 0
46873 2262 45927 0
31214 1306 10008 0
8217 25385 6761 0
30951 17101 21092 0
31896 18900 38154 0
48898 41460 45737 0
29952 15333 35269 0
687 48294 34799 0
49255 19196 23398 0
28394 42065 25567 0
38855 38478 20831 0
28265 22372 13563 0
15506 18276 37929 0
26499 1885 30652 0
38929 23738 20355 0
1660 8667 37630 0
42517 15151 16230 0
31583 49174 27286 0
45113 11243 2675 0
40448 34168 38410 0
36363 30297 940 0
16219 46603 16733 0
6109 40349 10690 0
7572 42507 45212 0
33198 23002 17076 0
6380 35033 1831 0
44520 39256 28127 0
140 16230 24367 0
34327 37065 42201 0
23142 5216 3197 0
7183 28347 31286 0
33845 30923 19265 0
23116 39826 33179 0
45265 93 35916 0
23848 39883 12420 0
32623 35665 32670 0
48036 49100 24793 0
38613 44754 30467 0
24983 34676 47966 0
14067 28548 3063 0
34794 36286 36363 0
25209 5391 18704 0
27267 19143 31048 0
2039 27911 12634 0
14948 40818 5614 0
8160 14413 49373 0
2753 18890 14844 0
765 42666 36134 0
35356 14567 23938 0
32873 36353 25531 0
43547 3102 12911 0
39363 13118 9054 0
9857 38878 23088 0
24767 24512 31761 0
2762 48021 21985 0
27194 38029 5521 0
5282 23969 18062 0
37303 25151 44818 0
16894 31127 5530 0
35149 3332 3536 0
7841 29986 432 0
24024 25316 4717 0
65 2683 3570 0
12553 48806 13710 0
38617 6629 47943 0
11776 1599 45714 0
10989 8342 6190 0
5827 49651 9435 0
16548 8207 40125 0
35454 6518 9390 0
38921 36786 41179 0
13944 44298 8359 0
11698 30695 34949 0
41922 10902 7048 0
41586 3009 45157 0
20424 8094 31201 0
30635 43280 26552 0
45821 46922 44770 0
32479 25190 19942 0
46237 7841 12766 0
49490 33206 30002 0
23151 29140 41546 0
30811 1668 650 0
179 12080 21217 0
17209 11080 15304 0
9774 40204 39824 0
10564 22529 21423 0
11744 3659 14240 0
28930 26450 16448 0
8130 41230 40615 0
11734 20777 26258 0
15704 9774 20119 0
28847 32647 8791 0
22680 31510 45484 0
29149 2633 27312 0
19027 32099 2720 0
34489 43984 22165 0
12910 21530 3893 0
22080 6933 27552 0
34421 628 21974 0
18704 14851 20834 0
30014 42918 9576 0
14129 40958 16365 0
46593 49998 48476 0
6589 33426 23248 0
3536 21206 439 0
2569 49705 13156 0
27071 14209 33471 0
19454 47726 44906 0
16276 2598 44580 0
15704 37257 44647 0
37087 48470 27537 0
28383 29765 9870 0
1356 34301 29633 0
15469 39431 18782 0
31253 49006 1211 0
15610 40576 33910 0
31899 13068 12419 0
35070 30949 36455 0
17509 20813 5103 0
13144 46448 119 0
24450 15386 8427 0
12430 20602 14343 0
32474 21095 42829 0
34831 26184 44167 0
35195 40359 38217 0
10090 20753 49594 0
25792 21152 20790 0
23581 30959 49672 0
42201 1885 41055 0
42199 41257 16625 0
34554 22335 33292 0
3085 1707 34052 0
45324 7379 22762 0
2035 2466 40535 0
31669 43838 28826 0
44876 38770 43002 0
36473 45384 39027 0
47280 15147 48054 0
2118 49633 29343 0
17269 25048 35264 0
5457 18009 8023 0
13763 49674 37203 0
10797 40818 25810 0
36337 12461 40271 0
20763 40432 28052 0
43125 18438 3701 0
29732 41862 21758 0
32626 43965 48618 0
7965 24965 10577 0
41414 11799 11812 0
5709 27986 16010 0
3665 2248 40328 0
38658 6851 46906 0
42984 4192 11276 0
38344 45977 11014 0
45977 21243 6609 0
24818 29413 10650 0
38464 30103 3840 0
27009 8443 8249 0
9322 25187 25270 0
47495 30101 14654 0
454 39023 33198 0
33478 17558 7581 0
34567 21971 39959 0
35690 40535 31048 0
12260 35086 16937 0
34723 15839 22080 0
5803 11640 38289 0
26332 29552 24094 0
37103 28272 20265 0
13470 38011 10365 0
27986 17998 40830 0
12914 7985 44037 0
47994 49585 36693 0
26007 14384 7311 0
25750 13206 22410 0
29120 9854 9524 0
30752 26315 26794 0
25165 27431 189 0
15548 24818 15333 0
14055 45487 13191 0
39049 19911 6425 0
42916 21331 8995 0
4229 30752 7464 0
31749 38078 39902 0
11890 11857 5146 0
9549 12643 10074 0
33122 49651 7784 0
22982 7173 47182 0
47520 8185 17829 0
24802 33050 13964 0
43519 37136 21971 0
27813 14203 33419 0
21458 14659 13068 0
7144 17331 42678 0
29209 37673 7537 0
27195 42379 35195 0
24528 37877 4574 0
11822 28767 14307 0
41075 18659 19009 0
5331 10544 36323 0
35613 8160 29732 0
18483 9874 26376 0
10872 16375 19480 0
44686 25762 40768 0
28270 48441 39530 0
41439 22254 24445 0
1464 14904 22298 0
16113 41138 44884 0
9009 25546 36314 0
14153 8969 4027 0
37628 43639 43454 0
46046 46224 44770 0
30492 34748 25970 0
49849 27832 18704 0
27099 40635 11768 0
42630 2142 39601 0
11804 185 6947 0
45856 1481 11224 0
9266 4932 26290 0
25546 16006 5082 0
3964 18906 14434 0
29655 31757 43639 0
30324 34676 17174 0
32460 3263 48748 0
18332 46507 466 0
36819 772 34235 0
12856 16575 5663 0
47404 10839 25862 0
22936 24041 37098 0
28140 42992 34121 0
40341 27080 21930 0
42399 24654 36574 0
43924 27315 33242 0
27609 33105 23079 0
1037 17465 38410 0
24292 33059 35051 0
10578 14520 39223 0
15749 13860 15884 0
6851 22221 41289 0
41576 13238 48059 0
15147 39875 9895 0
39622 20554 35587 0
15295 9822 4858 0
42364 3128 7505 0
8095 48610 11664 0
11944 46277 17178 0
29285 29808 8547 0
8189 30560 40138 0
10544 27638 47022 0
42802 16745 49759 0
18415 49121 46634 0
36359 49339 23781 0
8174 11829 34278 0
7889 15502 10617 0
14717 21881 22699 0
26599 14006 36771 0
27545 44746 8200 0
7738 32311 840 0
5037 15655 28270 0
35934 20557 27202 0
35381 48187 10124 0
26922 5831 39589 0
49672 40484 24511 0
20327 31151 5224 0
28276 27280 13668 0
7721 45886 22769 0
37570 497 12922 0
11916 45487 46332 0
27716 37260 6040 0
31645 22306 38484 0
23127 2455 33181 0
1935 37385 9077 0
11130 24441 26986 0
24567 49615 12540 0
40317 36634 598 0
49919 26498 12946 0
33974 2189 24622 0
14764 47256 13037 0
6373 34493 42057 0
37334 43797 11237 0
34416 27961 10761 0
46054 29308 48295 0
13649 7221 7700 0
20057 9171 16559 0
39340 15735 2287 0
30530 27104 21777 0
29293 48465 20795 0
36506 42621 3136 0
25532 36537 35788 0
18331 38943 1211 0
42844 48691 32721 0
27751 17488 46200 0
28585 23959 13509 0
14407 22957 16392 0
9696 29099 31165 0
12435 24512 21043 0
13922 33237 2320 0
6312 15255 32341 0
34017 6885 6190 0
46544 20731 43893 0
6031 17677 26546 0
37145 45525 49660 0
8086 14040 12916 0
49616 48263 49871 0
4354 35866 21398 0
17456 44037 4935 0
40518 6515 1364 0
4046 48820 15473 0
13880 40525 16375 0
42784 24058 47140 0
46396 7320 12133 0
30236 44557 60 0
27402 25181 44643 0
18649 47540 24602 0
974 47061 34040 0
29232 6325 27007 0
23056 28344 8217 0
24695 46362 12072 0
28821 3136 1188 0
49085 32743 561 0
35371 19173 35594 0
46643 38192 23982 0
392 14309 46987 0
37519 44051 5494 0
1147 3924 7543 0
10355 32592 31880 0
49148 14470 18063 0
44777 8810 2435 0
3659 32661 33516 0
23377 14165 31481 0
2227 26065 34400 0
42490 16511 42201 0
29378 49021 20265 0
2762 34270 40516 0
42151 3951 16423 0
27773 37506 15308 0
46637 16256 17352 0
2949 16428 9718 0
24300 26450 27128 0
24680 11682 14654 0
47267 34259 22713 0
4537 31102 9057 0
46725 40971 13090 0
31450 18291 33923 0
32131 10797 45827 0
36208 29545 4100 0
43092 18765 17677 0
42060 32665 39987 0
18458 46910 6370 0
44319 9402 12363 0
13400 24580 2342 0
26080 9583 11007 0
43442 14591 44764 0
34128 21141 978 0
30177 11686 3689 0
42221 17732 36455 0
22163 34448 4868 0
20649 48312 21933 0
15887 27650 8623 0
22118 40410 30595 0
24325 5181 21815 0
8833 29288 23566 0
16063 28017 19094 0
19858 16375 15473 0
30738 10229 43853 0
20709 13660 28515 0
31724 2233 43849 0
3609 43947 35798 0
8963 20910 16511 0
41975 24713 7174 0
8558 41114 34949 0
45188 29151 14567 0
12340 10248 23391 0
24038 14381 39965 0
24355 20349 44178 0
47519 19890 6828 0
39277 15870 29544 0
34909 22067 26794 0
8444 11372 38190 0
28784 41651 10577 0
5590 37799 32811 0
39619 26074 49891 0
25314 39825 11895 0
23419 3789 33960 0
5428 38064 48485 0
14450 6109 9230 0
32083 19164 23833 0
9085 35263 47763 0
24075 44281 2628 0
46237 4385 33126 0
34036 42918 30297 0
18744 20351 13526 0
9189 9854 43861 0
49507 11812 24445 0
29544 39936 41932 0
20267 35399 12072 0
49173 49230 15528 0
28092 15042 1715 0
27419 12121 8421 0
42085 25614 49674 0
20546 8693 45856 0
8522 39230 42934 0
40509 23332 27465 0
7530 17103 3352 0
33118 21297 42083 0
28000 18062 48119 0
28009 21393 5428 0
37146 10353 3128 0
7985 36287 23155 0
27419 20937 36333 0
1446 28267 26300 0
19974 28858 29844 0
29578 30458 16529 0
1400 32083 47557 0
44107 25061 32743 0
49489 1747 44541 0
9998 25746 1977 0
35835 11642 7663 0
10491 4202 45393 0
23832 16191 29783 0
20074 46194 7261 0
18381 35465 25970 0
23345 1621 5811 0
38003 22500 31648 0
17456 13296 37355 0
815 13118 136 0
13852 46786 4458 0
7875 30487 4477 0
18508 18649 40761 0
21056 25377 46233 0
30418 44031 25659 0
40818 41588 4155 0
20214 10589 17387 0
19066 8374 11372 0
8661 3362 49092 0
45716 7841 48252 0
35796 37203 37103 0
32235 1178 43037 0
26060 42869 17224 0
10334 24668 45270 0
24325 32913 48560 0
42753 4500 37551 0
46843 46586 20379 0
32484 21662 45419 0
25020 9874 25714 0
46893 21088 42119 0
21985 37322 36901 0
8794 48059 25489 0
26362 6736 35705 0
28038 564 8868 0
27047 48147 8660 0
45457 16148 46872 0
436 1464 1463 0
25420 37979 9009 0
42439 1594 41038 0
19438 22645 42248 0
24753 21685 16497 0
33243 49509 36909 0
39170 25191 27211 0
1095 47151 49509 0
49130 24010 8759 0
28113 7821 12409 0
31251 37428 21547 0
28559 22970 18231 0
15261 45013 37264 0
38271 21283 39109 0
8085 7284 14249 0
45118 4295 20686 0
29666 27338 29659 0
5102 31896 28063 0
14381 23210 39141 0
3674 44246 41452 0
24544 26088 22257 0
26141 6067 28765 0
1574 36774 14378 0
29599 24024 21782 0
40420 97 36763 0
12777 20097 28650 0
19363 9287 3951 0
30851 36485 30752 0
49225 3024 26571 0
2035 936 37905 0
20736 17454 14518 0
38207 8757 32736 0
46113 4958 21777 0
8893 11107 4726 0
747 21181 34673 0
43076 47549 23581 0
6109 27318 39654 0
47852 27873 21874 0
27402 19165 4250 0
42674 19632 36464 0
42912 1434 31728 0
26049 3836 43054 0
16625 9325 46046 0
20214 2569 44138 0
25463 12095 19828 0
46935 40427 44369 0
40537 35788 14591 0
36594 21563 14209 0
3378 29347 24109 0
28077 22628 18857 0
32378 304 4798 0
8556 11023 48924 0
27147 46343 13368 0
1524 3743 43867 0
13508 47377 12927 0
6895 11791 12629 0
44757 15352 33694 0
31599 1520 30009 0
23477 28245 46003 0
1270 19503 48109 0
765 30295 30272 0
28105 7428 46993 0
30575 30101 5323 0
33895 15452 29735 0
47033 20843 12586 0
17383 42954 15225 0
49067 10989 41557 0
9096 26059 47645 0
47691 45628 7925 0
13766 29212 21073 0
38464 21573 36889 0
15394 32189 34300 0
29717 8023 25942 0
12095 21328 14550 0
27576 36993 6597 0
30374 30316 22054 0
29039 12412 34168 0
16965 16397 12767 0
47677 37687 48556 0
34927 48078 20245 0
94 30116 11073 0
2490 36081 33857 0
46625 7810 4295 0
31534 23548 16365 0
35603 168 18864 0
33447 39911 40607 0
49006 35258 33386 0
33206 4941 25419 0
14335 13897 26184 0
10248 41398 36844 0
13207 47176 32316 0
18767 10267 21012 0
1432 37783 25668 0
39455 28681 41756 0
17998 25389 46625 0
2365 40341 11122 0
22270 16989 30316 0
1249 23361 35665 0
18683 393 18117 0
49837 32107 10798 0
20897 47226 45210 0
16391 10215 32326 0
46394 39477 29754 0
38613 11497 2490 0
49269 32790 35121 0
28280 25362 11563 0
23984 41032 21393 0
32884 48924 19858 0
37916 16554 14909 0
40822 37674 3092 0
33643 16682 43164 0
23887 35263 8478 0
25137 22175 13526 0
12620 17140 25220 0
10637 13571 28619 0
17136 47320 48430 0
12910 4868 8577 0
10330 20844 47106 0
23754 23446 15240 0
4941 23002 46987 0
30595 9127 34125 0
21413 27382 48671 0
45768 43076 21439 0
9118 45339 45507 0
5070 2429 28080 0
35179 49641 39763 0
25976 48069 18854 0
10039 34830 34548 0
7300 48669 20736 0
44719 28300 12131 0
3329 731 10297 0
32078 29763 2342 0
30699 27442 42379 0
48667 48656 32603 0
44158 9069 8623 0
45265 15934 17237 0
26368 45347 33336 0
12169 3678 7284 0
2660 28958 17076 0
33751 46634 9781 0
33748 16992 27792 0
7528 8437 11122 0
22579 19347 13876 0
17568 31976 35934 0
16332 16637 906 0
42878 23099 34664 0
17520 41855 8355 0
29884 27425 20708 0
41760 19173 40945 0
47428 17328 46523 0
4240 46240 8857 0
21861 35401 8622 0
3066 8199 26879 0
27176 9373 23377 0
8079 19807 24859 0
46839 5810 7979 0
31783 39476 12521 0
26498 18578 10637 0
19678 11692 3467 0
46643 4840 38452 0
39208 44785 45123 0
19522 34778 20510 0
17815 8305 27238 0
14203 24383 8365 0
37068 36938 16552 0
39132 21530 39373 0
15628 37330 12922 0
49276 17465 46802 0
33118 28917 35548 0
21564 31720 13522 0
10674 48778 44468 0
40346 8994 19277 0
49735 28408 46486 0
22596 466 24828 0
36550 17366 32235 0
18495 23548 47370 0
25625 1988 29704 0
2863 35325 2034 0
46936 44884 1740 0
3987 4387 33662 0
24446 37358 27280 0
2227 45384 31678 0
9017 34783 22588 0
3922 27934 3689 0
5568 28765 9666 0
1168 43220 8096 0
46865 44369 2824 0
17349 48644 47557 0
33762 22859 8570 0
8858 14966 9910 0
12534 45283 19682 0
19165 39771 49588 0
21384 33148 16734 0
4560 42867 43610 0
40193 6673 18831 0
10910 32083 37570 0
5428 20275 18808 0
9988 12963 35587 0
40297 34766 21074 0
49875 15867 44886 0
3049 45097 32346 0
12507 40484 46981 0
11744 3987 25190 0
31323 47711 39409 0
37418 48748 34787 0
27315 43655 19015 0
5216 24294 43949 0
41217 19619 27994 0
24602 19749 42010 0
35635 22349 23837 0
30891 26376 26164 0
17071 8175 24887 0
24336 16082 8625 0
20079 33539 43728 0
13248 25814 17383 0
34278 38177 20312 0
22665 42929 30048 0
32483 5897 47925 0
39149 36021 7979 0
13852 10122 42927 0
21974 21813 695 0
32326 32522 16346 0
2010 49371 13174 0
4919 34118 35279 0
27427 34927 31435 0
3605 21984 38872 0
46858 48539 1037 0
7428 2932 12181 0
45600 19444 13312 0
27323 35258 11297 0
41574 24113 39995 0
20453 6659 22093 0
11939 15923 20287 0
10952 1123 2322 0
36128 22773 24764 0
43252 1607 31591 0
38282 13583 3140 0
13895 731 42829 0
32652 29246 7592 0
25534 2142 38052 0
41821 19242 21288 0
30613 4787 35750 0
37160 40241 13434 0
17732 9322 44395 0
42276 8119 42916 0
17884 45599 33130 0
26298 22875 18999 0
49122 4816 26049 0
22818 7212 49130 0
47931 15225 8810 0
37883 1871 39271 0
29257 20742 35927 0
14116 3053 43292 0
14524 13296 35207 0
16325 24446 49593 0
43602 47401 4240 0
4909 18925 1935 0
46945 30024 21217 0
37561 23240 23002 0
42976 27211 30895 0
10969 5951 36067 0
43969 9578 8305 0
12393 13326 27850 0
34065 17829 44178 0
20774 29053 29225 0
20910 41663 871 0
42652 5103 34780 0
9069 47220 34780 0
37931 6608 8185 0
37664 11913 31674 0
15113 33505 46041 0
2849 28311 35281 0
22970 23060 11425 0
6920 46576 36573 0
44743 25544 48643 0
15502 45845 3647 0
18100 36400 41682 0
33505 11060 45265 0
44298 2804 16186 0
23462 45384 16903 0
21848 4942 42113 0
30177 23198 31927 0
10689 3183 15884 0
24428 16965 37039 0
24010 176 3808 0
35037 35779 44992 0
799 13849 8443 0
30257 34705 18953 0
22070 33249 41121 0
29244 46439 12507 0
7573 26842 17517 0
3779 32592 30968 0
22973 26950 16065 0
41404 19574 46406 0
48021 46359 3120 0
40432 20328 16838 0
23126 13011 15086 0
37199 19017 3607 0
6889 19185 32294 0
32453 35039 2287 0
11835 23463 25288 0
3990 46332 16777 0
24583 39974 31700 0
9538 28559 7706 0
37512 29941 18424 0
47606 3954 8576 0
29252 37826 15779 0
25208 23899 8132 0
317 5530 49276 0
35674 16543 40656 0
16813 40152 45488 0
33516 42621 38847 0
13323 12435 401 0
42991 37561 5972 0
33859 26168 14849 0
6512 46554 28009 0
37646 15884 40319 0
34385 4229 12767 0
20746 24111 44149 0
24010 35705 48496 0
220 40475 5587 0
38744 24079 38387 0
45246 29828 39437 0
6241 25061 17275 0
34287 38185 29003 0
36482 12185 39589 0
29754 5266 21144 0
46439 17136 48032 0
11532 43211 23684 0
7102 14413 392 0
45601 47852 44143 0
37673 45317 39670 0
22939 14732 439 0
35883 29053 24792 0
35827 4299 2775 0
3880 20616 35089 0
7861 4185 30471 0
38590 49085 17244 0
9870 22040 1466 0
14378 38919 49643 0
3909 5470 1507 0
20783 11835 36155 0
13156 17771 19783 0
17994 44185 1434 0
5438 37066 40245 0
27301 12685 5814 0
5003 48687 3964 0
5014 18844 32860 0
21685 644 40576 0
21455 8217 45364 0
12551 6504 30521 0
26008 42883 16487 0
43909 17247 45982 0
42272 24294 42992 0
20549 13118 15447 0
29190 5481 8296 0
23629 34052 35095 0
41710 20924 43592 0
12345 9062 30636 0
32492 10122 15496 0
4079 33780 45621 0
2615 46207 22314 0
46969 25689 19371 0
1340 4537 2683 0
1731 19173 26842 0
9480 7832 23210 0
21104 38278 5146 0
9054 35089 19210 0
21815 22308 48317 0
49092 9380 10989 0
44499 9614 30521 0
29485 22034 30141 0
4803 5082 33781 0
23768 29860 23043 0
604 11178 40320 0
27623 18097 16776 0
6112 34723 28625 0
43728 5888 13068 0
14334 19363 45242 0
7434 23332 41146 0
31286 4746 29492 0
17673 37913 48667 0
46147 16552 38419 0
41519 8359 36497 0
16223 28972 49671 0
25488 28068 49236 0
2084 35162 8759 0
25700 31604 34588 0
30344 19682 10782 0
30749 30458 32188 0
45656 23240 15554 0
17056 6121 31029 0
17002 15273 15961 0
4360 27758 31144 0
5094 8812 49497 0
44828 4171 29744 0
12774 13615 29212 0
37849 34069 27953 0
24400 23533 26320 0
35391 14129 37246 0
11695 38208 11283 0
33864 44235 29092 0
25942 9925 2446 0
12210 29492 26684 0
16647 10271 23938 0
29552 4354 8059 0
36175 45064 18951 0
1329 37605 39104 0
5834 19619 6731 0
16793 17011 48891 0
16276 29367 30605 0
605 24514 23043 0
748 27829 4816 0
28360 13348 33960 0
6885 35550 44936 0
11802 37664 39080 0
43972 25719 1142 0
30439 1878 6711 0
38320 39974 598 0
20383 43145 4722 0
8898 31249 8160 0
33624 10678 39208 0
47143 46330 24971 0
46964 32076 455 0
43700 2661 46992 0
17838 13823 48618 0
14441 37920 14486 0
37136 15792 823 0
41524 4040 41821 0
38646 39826 32217 0
22048 37259 27745 0
49921 44483 8155 0
14068 47201 3334 0
36993 39933 39397 0
22034 35196 18603 0
3893 2574 26824 0
31700 39926 19332 0
49658 48094 1878 0
43963 16400 46586 0
27537 16023 12659 0
24008 43687 43984 0
15061 35805 9007 0
21074 31151 17838 0
5616 30440 32857 0
12073 33734 43967 0
40332 8553 21774 0
34588 29203 29875 0
33062 29341 34009 0
21467 432 17088 0
37505 30257 17511 0
7655 25891 1039 0
30458 34287 16755 0
48075 34821 20592 0
34722 26018 9449 0
1377 16990 24255 0
6013 17465 24792 0
7144 16853 12936 0
19332 47243 35859 0
26667 24257 12660 0
19804 42707 40619 0
432 11075 39964 0
5917 160 25044 0
36545 22080 16225 0
42272 44580 11356 0
28027 24746 11571 0
15423 26452 33085 0
24121 28865 37189 0
39589 34231 14441 0
48899 37495 17140 0
21761 34364 36134 0
40283 5003 28208 0
40358 28216 4060 0
26424 40582 29761 0
35939 5481 7757 0
43847 23398 24395 0
36038 28059 37619 0
9096 28525 36924 0
33838 44625 2795 0
32492 44311 28790 0
389 29246 1872 0
48639 38639 41414 0
35281 18106 4774 0
25083 42272 44031 0
16063 49497 44149 0
17866 9668 41546 0
33502 9938 44940 0
4769 21558 26065 0
27970 4239 37240 0
12078 41774 48119 0
1455 48856 49511 0
49977 33617 20602 0
39619 22418 43771 0
18333 24319 13086 0
20295 16513 40379 0
20107 20086 22293 0
28444 15633 46898 0
26722 12516 5089 0
31208 15988 16929 0
49349 17111 31600 0
13543 39974 24480 0
6933 8175 25044 0
17965 2445 4498 0
28791 7513 37146 0
23646 25331 40423 0
30570 22522 18311 0
45602 30166 43519 0
49739 8934 26592 0
32505 30009 9619 0
43854 12264 39023 0
49989 48053 31241 0
43167 28887 21974 0
43728 12078 11076 0
6132 12375 7757 0
21180 4006 18062 0
41525 29348 32283 0
45652 28552 8663 0
41322 47966 38628 0
2014 16579 44568 0
33960 1632 34026 0
35258 48310 45176 0
45615 20105 8655 0
6988 27751 34259 0
43602 25187 17488 0
40505 38043 14025 0
47771 48032 23776 0
42784 44272 38574 0
29699 8350 99 0
28018 28441 37630 0
12629 43754 22609 0
4240 5082 37246 0
14708 40612 24755 0
41849 12294 12960 0
48416 5696 19818 0
41189 13417 37727 0
3327 10157 42347 0
29092 27512 35391 0
28826 18683 9193 0
33718 39904 49371 0
47290 42179 7445 0
46990 49416 48458 0
38479 24943 2459 0
28052 44109 39386 0
9988 45714 24297 0
8757 30165 3743 0
47969 14778 25457 0
14848 28003 39236 0
18445 31286 27813 0
44080 997 30234 0
27908 46332 36862 0
16810 37758 34417 0
46237 47035 25817 0
35264 35058 39322 0
15623 12916 39447 0
4214 15867 3536 0
40678 179 12915 0
8553 13225 42622 0
17311 9494 9895 0
35418 15669 43451 0
1708 13031 31144 0
13301 10022 34484 0
27609 42175 18603 0
37476 5257 9411 0
8971 16338 43138 0
8655 8855 46113 0
7093 6400 735 0
14890 20969 37806 0
47535 43077 11887 0
25337 24300 46831 0
46380 18368 26342 0
22962 10667 40680 0
13467 27059 16397 0
19644 10642 32617 0
38935 31358 4919 0
48187 15114 49856 0
1522 23175 8098 0
3940 35430 2773 0
12095 17247 25110 0
6765 15961 1571 0
47182 37103 31246 0
36119 38898 17011 0
22645 6015 29174 0
40460 34982 27267 0
1410 2756 9717 0
48424 49411 38656 0
35990 16089 36663 0
41378 482 20835 0
20368 3361 18808 0
25843 41628 22799 0
2802 32376 30233 0
17030 20197 15662 0
25816 1428 8655 0
4423 7607 17986 0
28957 48856 8733 0
43859 31783 22394 0
16385 15524 35914 0
37024 37592 17984 0
48105 8058 41220 0
44828 14782 10146 0
28063 47834 15086 0
6464 21310 35761 0
24943 16963 10804 0
9210 20168 17279 0
25181 20858 4352 0
8778 12028 44624 0
40984 21624 10955 0
6920 9439 16501 0
41490 20592 18298 0
11075 37145 16261 0
40807 40733 8410 0
29543 34778 44524 0
14450 185 33922 0
46718 49959 10714 0
48656 11037 31694 0
30376 43457 44645 0
16310 16800 29270 0
18680 41038 4141 0
33939 49587 38086 0
3781 44369 26296 0
16529 25685 13206 0
2355 26532 40379 0
5928 45434 49941 0
32979 24999 46889 0
44082 14764 18599 0
1364 39058 9745 0
16903 36568 23984 0
48246 24678 23999 0
454 28921 22258 0
7573 1153 48514 0
2118 38487 4230 0
12078 7168 4509 0
21105 25278 5972 0
5069 6512 18436 0
48224 49973 2887 0
25615 27319 49420 0
49723 38047 1950 0
43740 49671 40143 0
33451 23964 2107 0
19760 29068 28671 0
26293 14110 34375 0
15748 32703 4337 0
2420 22048 49498 0
44618 17539 24639 0
12702 49040 873 0
33268 21196 20398 0
1548 3485 14716 0
37136 48962 12494 0
18456 26985 24511 0
31765 41241 6851 0
42151 39204 18100 0
22048 21758 2714 0
29801 47168 24247 0
46206 21027 19363 0
24979 27324 43076 0
24163 22622 31164 0
39912 9480 6786 0
34179 16196 14325 0
17126 22641 30605 0
42935 36194 36067 0
33643 17274 44359 0
36632 28096 7810 0
17771 39277 25196 0
48182 8944 1781 0
2661 6356 19448 0
45288 35028 26226 0
41242 7847 7547 0
39666 24110 40708 0
38387 5257 25352 0
44385 44968 38885 0
30591 38963 10353 0
44198 18671 4444 0
37083 46279 19804 0
20731 48675 18696 0
2910 23446 8969 0
32062 27749 34381 0
28298 12047 48617 0
31152 37468 10819 0
34064 12807 19004 0
3113 30820 38023 0
37257 9578 26937 0
21322 49136 10589 0
24224 3085 16087 0
42921 23887 21474 0
19668 6617 37879 0
9281 43585 40104 0
26269 14904 25144 0
41338 8856 184 0
16755 18134 29555 0
44097 14849 30244 0
27260 19011 25419 0
15959 42204 4509 0
31214 21149 23924 0
32144 22190 6954 0
4673 49 47946 0
11196 18776 45685 0
115 44183 10365 0
48224 23830 14023 0
13296 47805 39966 0
3257 40806 48671 0
25280 45314 19644 0
29505 9799 17196 0
18117 12393 12493 0
22867 42282 39240 0
24891 36595 24043 0
15903 28175 16962 0
10990 38043 39281 0
13225 41966 18315 0
35264 31607 22658 0
17947 28538 25198 0
37937 10764 35725 0
30570 36791 33545 0
17232 4557 21023 0
46740 42785 4163 0
39654 47274 3906 0
33845 48847 14169 0
2328 1153 49085 0
20751 14512 5589 0
2731 22458 27324 0
1811 24336 32432 0
8735 30783 33307 0
27179 16937 20458 0
13647 49263 36558 0
31976 25714 37265 0
43951 12009 46749 0
8307 23052 37136 0
9781 11073 24943 0
43825 20449 41118 0
28041 33650 46858 0
27609 6040 29893 0
40526 1195 9123 0
12336 11060 21054 0
22596 10652 19792 0
13069 28605 28052 0
41209 18271 19294 0
48496 4047 42163 0
16066 44637 40271 0
30710 14384 32669 0
38566 40713 16634 0
36981 44749 31955 0
24520 18716 10153 0
42287 38098 34234 0
22418 25750 7179 0
8062 12149 18694 0
40615 43831 14592 0
4765 37945 15236 0
43266 39504 10553 0
2107 19678 15352 0
16250 49067 2598 0
28017 28622 39530 0
25165 27048 46420 0
27538 26404 7375 0
24834 33198 5972 0
40248 26018 48174 0
28897 35633 7792 0
9819 1270 12375 0
43641 46439 30240 0
19928 2072 6399 0
45642 8443 25212 0
35285 31927 24058 0
26310 39213 4816 0
19370 22540 27147 0
33951 26744 4574 0
6702 6313 3211 0
25624 46592 10954 0
4631 24527 48610 0
21777 49376 18381 0
42364 26376 45188 0
17511 16965 11237 0
37022 31086 12509 0
6570 21760 30963 0
26913 26937 24256 0
35858 27101 16048 0
1408 35132 11768 0
25621 6534 11132 0
19164 43297 10797 0
39723 25477 47912 0
3880 36737 36386 0
44245 11939 41220 0
31510 7144 49863 0
49641 19667 37761 0
34434 44679 26815 0
45425 18480 3935 0
1668 22688 33243 0
11732 18009 18900 0
34066 48643 41274 0
14268 11849 4165 0
19947 8305 48021 0
236 19634 47882 0
9744 5666 3734 0
15831 20536 12419 0
17781 27582 33307 0
43375 33770 6687 0
30009 48197 7347 0
25621 31523 10298 0
41932 26708 4282 0
6661 4030 24333 0
24567 3078 13747 0
9113 30749 29118 0
23198 14182 37259 0
35283 15704 20086 0
8001 9985 34270 0
12854 40987 48246 0
42379 37493 44245 0
43125 14486 29 0
7782 1400 39519 0
12875 16989 26877 0
46864 4229 7144 0
41439 42883 21023 0
10790 21345 27231 0
34850 9671 32479 0
392 23581 45176 0
24375 34283 49711 0
25910 40649 25199 0
4468 1381 40589 0
10399 10271 2659 0
17196 20584 18710 0
9767 42498 18386 0
15770 41435 24383 0
35516 24360 38053 0
39281 46949 34627 0
17453 16770 404 0
17692 29808 13459 0
25020 17802 2828 0
45507 35674 33797 0
44269 27944 17395 0
10826 24258 7311 0
10577 5232 27202 0
4165 10846 5457 0
43518 9318 9407 0
4206 10022 12308 0
30641 25083 2460 0
36374 8387 15628 0
49633 49886 41842 0
46159 879 19127 0
13722 506 46859 0
36149 21706 24051 0
48970 49276 14727 0
41907 48924 32592 0
25807 8944 13497 0
10039 45067 11772 0
38943 12981 782 0
49219 2773 24511 0
17781 9997 21369 0
21227 37103 39886 0
18311 22238 49490 0
45377 35789 37418 0
24834 36376 18009 0
48915 44582 34724 0
9007 34601 32455 0
16487 10249 29977 0
46224 20074 1593 0
41121 6121 1629 0
33314 29468 16501 0
16825 27071 35973 0
8912 4084 40442 0
35454 25177 22557 0
31619 49849 22763 0
31110 47431 12435 0
10491 1356 6136 0
14311 3443 25970 0
49660 29980 43592 0
38466 35753 16596 0
33229 5356 29480 0
41356 31888 37843 0
46421 49067 33339 0
46822 20834 49168 0
48275 9335 14378 0
23338 14167 45105 0
47581 44158 33489 0
21180 11263 47163 0
6570 25278 35929 0
24943 35858 293 0
40971 16785 42984 0
23485 16736 1123 0
49559 42221 25242 0
8307 33285 29527 0
31079 29801 49871 0
31102 17269 25428 0
650 5202 8376 0
41368 34460 9014 0
34231 27576 18047 0
28001 27487 28665 0
30019 12308 25428 0
27942 7326 20988 0
28185 22450 23182 0
12732 34040 47882 0
32790 18200 49799 0
8558 18920 22178 0
37034 10548 23528 0
11707 22769 3918 0
735 19677 29819 0
27306 9499 37199 0
5247 22588 12393 0
40125 17746 18768 0
27306 7592 8746 0
21605 40359 38533 0
25083 34442 29927 0
47453 44582 15225 0
7547 9542 10275 0
33414 22334 7174 0
44436 48363 23964 0
42844 13480 38855 0
34234 20376 30827 0
22399 22299 27059 0
14210 21293 17862 0
8097 24096 32090 0
32737 27911 38285 0
7865 6191 45601 0
20195 13400 37783 0
15554 47651 29666 0
21892 2959 11073 0
626 29952 36623 0
23660 46474 25489 0
26930 14520 1211 0
47404 24194 13229 0
2145 36337 36573 0
9819 35847 38849 0
7214 2885 38289 0
35803 18591 22699 0
10714 48355 39271 0
36862 7408 29174 0
33974 44225 25165 0
40814 38841 36975 0
25644 46359 25337 0
7284 9668 9043 0
6731 20275 35201 0
36386 6120 48289 0
38211 1824 44454 0
14486 11475 33999 0
45982 27211 13489 0
27623 13088 20035 0
39549 31854 14035 0
7985 29792 12911 0
37385 8232 12746 0
27315 3066 9373 0
24641 25363 22645 0
14153 47968 17026 0
31951 38799 45444 0
1593 22194 33146 0
46547 9494 24217 0
30039 44204 45077 0
31674 23851 24383 0
6955 37066 18603 0
23548 38948 1632 0
19745 1448 9309 0
1790 27488 34700 0
11612 24600 3214 0
8779 8086 25267 0
38493 25220 11325 0
35051 20928 29803 0
21328 34300 34548 0
47280 42335 25314 0
47237 39650 36100 0
19633 14851 37558 0
23345 10893 8044 0
45988 15114 10832 0
20774 22983 22656 0
9017 25905 9096 0
250 16186 5349 0
47182 26003 43610 0
4013 21945 49263 0
39957 35381 9813 0
14096 21143 16056 0
19030 48859 25696 0
14592 3066 4314 0
165 16089 7826 0
4096 40679 7588 0
24963 16160 41456 0
29120 35326 12936 0
19890 41242 45358 0
47599 13823 37504 0
31976 16531 4411 0
43416 35377 46706 0
40535 12130 33662 0
49891 42298 41751 0
6779 14247 46953 0
14007 25750 13264 0
33745 29347 34596 0
34194 23999 16954 0
33206 33351 47955 0
34454 41153 18525 0
37755 7168 799 0
48415 39132 43277 0
3062 26599 27724 0
26565 39739 47102 0
23320 47104 43639 0
5765 4941 5481 0
24395 15097 22540 0
20197 7548 8124 0
46881 15740 2780 0
24931 36055 21071 0
6972 41859 49717 0
2660 1493 10577 0
19446 7338 34810 0
11000 48669 49886 0
28930 6751 16965 0
18854 38885 46554 0
7778 42833 18333 0
41800 37995 12802 0
37512 49344 30904 0
20731 11776 9561 0
25110 39927 41432 0
5224 33034 17802 0
35685 37239 48094 0
10275 31319 3211 0
45675 341 41345 0
20379 43847 47421 0
29806 2600 11082 0
7683 43077 8695 0
18133 13701 32217 0
30166 16952 5775 0
33857 16332 11682 0
19310 38670 33950 0
24642 29151 12764 0
22724 24511 32874 0
30374 19760 20195 0
16332 33897 11631 0
33198 23194 16918 0
13650 3375 26007 0
28014 49587 2859 0
23646 15439 40125 0
10989 4040 13434 0
45810 17115 30429 0
37792 34701 18810 0
43317 10747 14978 0
39724 43076 11689 0
1632 49186 3295 0
32979 10782 5028 0
16682 46749 31715 0
17232 39230 371 0
33386 43167 44369 0
10130 21413 38179 0
4528 25786 39739 0
4477 39906 11122 0
11023 28848 37704 0
26742 5344 7300 0
16272 48109 116 0
6735 34150 22326 0
17026 9413 27777 0
19481 27371 39333 0
45308 31890 44751 0
15851 19095 32403 0
6325 39819 39826 0
1381 36201 16213 0
213 16252 18704 0
25318 49913 42376 0
13490 7861 39819 0
49163 32522 32365 0
14136 2422 5015 0
6831 8116 40654 0
49122 8135 6420 0
16853 31925 26292 0
22645 4537 49628 0
41155 47939 39204 0
42908 44645 26743 0
8339 28024 21328 0
1570 22258 4868 0
2718 33063 28733 0
453 38795 46513 0
28919 15461 20124 0
15451 41706 49040 0
13368 22503 36228 0
37687 11679 17734 0
22264 15353 10064 0
18247 11283 6904 0
22200 36844 38639 0
28288 576 12150 0
16100 28688 20302 0
3582 1502 21195 0
15559 47093 3049 0
36201 21369 29578 0
47549 8995 30489 0
22212 26430 33249 0
28041 30530 28822 0
25969 15887 43266 0
24616 40317 16182 0
3918 3644 22991 0
29143 13010 47633 0
38911 24971 31855 0
20376 1988 12130 0
44992 22394 14351 0
33241 25004 21758 0
1493 28420 8925 0
46060 29874 28193 0
42587 26783 49130 0
18332 41637 19628 0
20897 1455 42031 0
13839 25787 42759 0
17111 21782 28302 0
20169 31783 28360 0
44281 30750 26241 0
27073 35705 33188 0
24212 19173 43996 0
8995 22993 7095 0
28092 37650 11975 0
44176 40190 44731 0
6867 21064 17357 0
13543 9965 22063 0
26532 44889 1287 0
28027 41745 77 0
12865 29653 39521 0
8376 49148 20023 0
31395 19125 21752 0
4557 323 49416 0
28428 44178 46576 0
22142 26127 2490 0
41741 49849 213 0
47332 31510 19778 0
37999 39843 24113 0
10642 32033 2258 0
17917 18776 35028 0
5314 7674 25462 0
5814 27832 10776 0
35086 9385 9221 0
17457 8387 14190 0
15950 16460 43980 0
30355 6885 43194 0
20555 22645 16100 0
41133 15905 22479 0
6908 17312 39405 0
19678 6318 48539 0
28456 185 48096 0
25144 13966 17222 0
1434 43909 38499 0
43288 28297 49868 0
18694 32937 11276 0
48653 29876 41762 0
41762 12967 40708 0
6008 17031 40945 0
29864 38772 48653 0
34194 20980 14312 0
349 40319 21761 0
3332 5765 49107 0
2756 28354 45763 0
39691 36049 46902 0
40012 10370 16541 0
4443 30049 31607 0
21345 28248 43342 0
49080 27944 11356 0
27026 12560 9890 0
29444 7832 22271 0
28763 32647 8855 0
25558 47862 11474 0
32290 41546 23371 0
20831 29209 13090 0
46078 5070 9400 0
16012 38842 7936 0
25611 18218 20976 0
36237 13968 35033 0
16677 45262 42852 0
44767 37561 15396 0
39902 10656 38898 0
39553 45546 29655 0
49891 41238 2683 0
17196 13324 5349 0
25748 31284 40867 0
32410 42976 33063 0
3064 48318 26000 0
12123 12922 21573 0
13194 47691 13656 0
38039 8547 48508 0
28930 18445 44145 0
49973 33453 26184 0
11631 47468 42784 0
49635 36632 43288 0
8868 32954 30929 0
23887 27315 36427 0
45923 26077 31319 0
37401 9042 10568 0
40964 39828 36107 0
14347 17593 14056 0
9171 28699 10470 0
47143 42276 14856 0
47906 45438 36491 0
18263 18377 45427 0
33440 38617 14592 0
4006 43369 21959 0
23768 41121 7805 0
1701 40367 22799 0
34913 3246 20686 0
39260 3822 44764 0
38847 39601 47446 0
43417 27601 39118 0
35079 44653 22699 0
3346 6411 7572 0
18803 15609 17677 0
22421 25843 44116 0
14451 44436 33207 0
18825 20035 42179 0
7605 1907 29808 0
977 14900 25063 0
32941 38950 5301 0
12228 29703 49021 0
10043 24873 11835 0
31113 34400 40056 0
38562 26456 46376 0
14048 20555 28300 0
26027 13937 47242 0
33271 31700 27438 0
26729 44418 33390 0
11615 36251 6440 0
24971 31837 16100 0
2021 42844 36286 0
18215 25144 843 0
708 23887 93 0
5460 49018 19807 0
42272 27143 29844 0
28912 6952 42309 0
47606 23077 1711 0
11579 5236 6141 0
45001 27330 6737 0
48254 22146 11762 0
28360 47535 20265 0
48806 330 35847 0
44589 28000 35411 0
32905 31976 38112 0
9510 43164 448 0
36128 21413 9292 0
29283 5984 40349 0
27405 43214 32168 0
30752 8576 43789 0
45 14585 33983 0
33206 28288 2827 0
4655 49869 12818 0
29232 14844 37758 0
23703 39691 25605 0
24592 8600 29917 0
14351 40569 3142 0
37512 35364 22043 0
30426 16010 600 0
30730 20463 49921 0
43290 9765 16947 0
31122 25048 14074 0
2429 34715 30709 0
37570 14721 47362 0
33617 24445 16065 0
45714 22080 28360 0
49759 25428 30492 0
49128 49383 47645 0
34347 9539 30673 0
16831 2959 17100 0
40283 27768 41745 0
18825 45427 20680 0
40418 39218 20539 0
8963 11367 12121 0
22270 25872 10797 0
3779 46763 47201 0
41230 30959 13457 0
30959 38235 3329 0
21119 38464 30383 0
24833 32341 35701 0
42878 5322 34745 0
38580 25016 20452 0
1464 34321 24300 0
49735 36663 46964 0
48639 39650 32070 0
27286 28865 49441 0
10679 28280 25048 0
47267 37799 11583 0
42543 16850 25212 0
7371 37772 11304 0
20709 9854 13324 0
29634 42031 39230 0
47314 3334 45182 0
49313 15299 34358 0
16563 22123 733 0
48610 28897 129 0
26060 26905 8116 0
15839 7505 44618 0
31715 3773 32149 0
47355 23804 20262 0
10571 45513 8136 0
28487 45516 17154 0
15702 42630 34026 0
13084 36106 1540 0
22479 20764 7374 0
119 37279 24365 0
22564 30177 3334 0
34693 2769 3466 0
16213 49656 213 0
11772 7183 16529 0
41908 32718 33670 0
25816 8853 8249 0
19904 25814 6923 0
14550 14859 43777 0
19332 39926 43125 0
49276 7772 35700 0
46162 42081 19181 0
41742 27522 22308 0
42210 31674 36610 0
8941 46238 30 0
33819 6570 28363 0
24351 44541 4673 0
3903 30609 14877 0
8116 20475 29596 0
42621 2928 27286 0
44818 19390 46949 0
18415 25857 7707 0
7048 4509 8116 0
26292 41040 32341 0
33114 40967 28105 0
29606 4171 10729 0
36721 7727 44568 0
28059 11614 33907 0
28096 2574 36621 0
33321 14025 29400 0
38345 38204 19728 0
29019 47542 962 0
47279 18063 44474 0
6132 20438 7504 0
49768 14482 34434 0
36081 19804 24750 0
9118 405 40556 0
4746 1266 12542 0
4624 39353 11421 0
16019 35835 11937 0
3263 16776 13348 0
45763 1757 17101 0
5477 12894 44145 0
405 16371 33229 0
45097 39275 599 0
37913 42834 32737 0
22265 1790 35966 0
14203 39953 16245 0
6623 15949 38233 0
2478 26471 32078 0
9596 32968 14806 0
31251 49868 44715 0
35059 25314 14390 0
33859 45040 21985 0
42925 9831 34289 0
7328 28634 731 0
44463 39531 24502 0
32318 46461 36395 0
40759 29343 39153 0
41574 41524 20124 0
2248 29545 18906 0
20396 25244 20862 0
35335 36106 22924 0
23194 10332 1999 0
19928 11522 40851 0
16776 45877 45190 0
40654 41105 4509 0
45088 38744 3674 0
1428 8249 18803 0
47176 6242 44243 0
19878 12676 35179 0
46448 24625 11966 0
17580 21310 46897 0
37909 23936 23096 0
11946 21020 18694 0
44794 34448 16920 0
20351 3292 41751 0
11029 22684 48187 0
29315 18306 21761 0
17984 1464 42916 0
49509 6673 40475 0
22090 44245 17829 0
2459 29444 31284 0
34746 36337 45349 0
30439 35411 21404 0
23024 44220 24051 0
27940 47213 24021 0
212 344 30114 0
10148 30963 29244 0
49021 41017 39437 0
29807 45358 12640 0
13122 1455 32168 0
48291 20205 8702 0
11822 16497 24818 0
22503 38192 49096 0
21218 18677 24834 0
4967 42606 11732 0
18885 49232 28840 0
27404 46738 16460 0
39719 9499 40872 0
20813 16579 32659 0
33599 3564 35859 0
5420 30856 6318 0
38075 16992 26741 0
1724 12038 36208 0
41455 37630 34426 0
41613 2950 10650 0
12537 18123 40290 0
6534 4084 6121 0
44141 2355 284 0
44709 26509 5349 0
29494 4039 17746 0
38633 44866 5703 0
47404 16410 25337 0
25270 2466 18298 0
39906 14776 19628 0
28300 4769 4991 0
37047 25905 44082 0
30560 4171 3886 0
42281 1251 15423 0
45081 6366 19859 0
40118 45212 45195 0
41152 19677 4765 0
18097 36194 815 0
10531 3609 13650 0
37334 19574 38849 0
8181 26137 43775 0
35134 46969 36573 0
46782 19753 20355 0
5971 22062 30968 0
39723 31854 14652 0
23500 24212 49371 0
21533 453 17349 0
18545 18999 38419 0
598 7706 32857 0
26376 5530 40806 0
690 29808 36975 0
40680 4096 22680 0
46099 22298 16679 0
14069 49381 45604 0
20896 20763 42151 0
7607 8661 33750 0
31087 43454 5115 0
28665 21848 21798 0
35529 36789 37049 0
33540 33545 34249 0
20891 8383 12062 0
44204 43660 45373 0
47535 34336 1502 0
25926 15281 32684 0
43089 24417 3025 0
26450 917 2569 0
1097 20404 30177 0
16629 5994 16963 0
3443 17692 48618 0
48122 15240 28548 0
44965 44546 23004 0
34327 8801 40505 0
12648 35281 49174 0
461 29620 14335 0
47991 39349 27434 0
486 60 21893 0
17224 43253 47105 0
44778 14546 32484 0
49716 38935 46060 0
40411 16736 18381 0
30280 39800 48252 0
29864 44620 35603 0
42707 24367 36004 0
20777 23156 40220 0
49371 7782 3903 0
405 22084 32283 0
42912 32003 15832 0
5137 30530 46693 0
43194 1711 26644 0
40838 20295 29884 0
43908 27089 48528 0
5512 2851 18311 0
36086 33598 40880 0
22627 23297 48792 0
7529 1421 21027 0
7505 8663 19492 0
43709 47317 26507 0
18994 13324 40401 0
34032 9666 29174 0
4230 8035 12875 0
10450 8941 31880 0
39892 31322 14417 0
26164 40708 1999 0
43757 15886 25330 0
27137 48239 19697 0
13747 31991 41300 0
48515 24137 22054 0
8524 32316 42869 0
28280 6617 21774 0
30830 17082 48424 0
35633 28381 7631 0
264 39349 2053 0
20086 6494 24252 0
9538 46486 20758 0
35516 4636 20857 0
9048 47151 30582 0
