52256 9047 9
1899 22799 11
19472 18027 15
11384 8251 8
54949 44721 11
6947 48135 10
34407 2624 9
2481 8021 9
17711 18921 8
41184 49269 6
2263 46425 4
15854 58644 14
53352 57423 8
44622 34840 11
17636 36505 9
48057 22887 10
535 13085 6
56958 34986 10
28134 22014 14
12486 17597 4
27877 7825 9
7581 31253 17
7922 29838 13
27909 49577 4
20939 3434 13
59860 37989 2
43907 9953 4
30705 6263 10
45233 23854 6
51370 50912 14
29478 47286 8
15378 57887 10
5162 3753 10
54228 18563 10
22985 6561 14
18938 8589 11
31028 23098 5
37060 52292 16
30176 13457 16
30963 29323 8
16714 55085 14
21775 57438 7
55561 52616 14
5770 50138 2
51509 14132 9
44471 59696 2
20347 13201 13
37144 31527 15
22705 52279 14
56519 45479 15
17788 56099 1
26015 4615 12
18660 2613 11
26026 32502 9
21840 5362 7
17822 46839 2
58853 25972 6
17993 54030 4
41085 31568 15
52524 37613 14
11465 21482 18
11384 19608 8
46440 44124 3
21356 48032 7
34411 47275 12
32259 28818 9
18017 11361 7
41957 40610 10
7571 3885 12
9139 12547 8
51732 12611 15
55924 33902 14
49129 5563 0
31703 31451 16
48939 38323 11
44039 19921 8
45402 836 12
55892 59160 12
9930 55687 2
44066 21764 16
52411 27637 12
9187 23748 11
35940 13642 0
37160 261 12
59003 58987 7
21744 41079 2
14783 41650 4
8546 51425 7
24922 52182 1
41738 49892 6
15841 12699 10
31203 13952 0
44828 43511 3
29 49283 13
26332 39356 11
1653 8978 9
29452 25500 7
19440 4584 12
20056 46450 7
6018 7021 6
59955 40004 5
5776 43565 13
10158 10294 5
54066 39505 5
45013 13578 11
21860 43098 5
49329 34289 9
17617 44274 8
59808 56308 13
16130 58157 8
25866 32907 8
55210 53171 9
29788 35924 15
43086 36386 8
9914 20698 17
18296 5628 3
27445 1800 1
48333 45490 8
18389 48004 14
18332 617 10
5736 58030 4
51717 4633 10
18594 5468 12
2695 26900 7
5695 42259 3
19430 22628 10
54792 39487 12
17553 44824 5
10955 59305 10
46610 47303 9
38848 19692 2
38498 33820 7
15752 7588 11
8522 54015 3
35676 29385 4
34315 33356 10
38107 59639 13
4421 55294 2
53837 52928 2
8140 5054 11
32638 59646 10
27709 8775 7
20236 15812 12
15220 43932 5
37036 12237 0
34921 15217 6
22628 38386 5
21182 6576 0
36746 45070 9
7890 4313 10
53738 44098 11
1158 8015 4
19516 14352 2
32834 40198 7
38693 18055 6
33192 4301 3
13557 31485 17
173 32488 14
21861 37142 9
23113 34518 8
57214 59772 11
45525 54470 10
58872 40051 10
13358 15654 7
24827 18172 8
4856 46862 11
44465 5077 15
25729 4618 11
3799 47748 9
38841 41279 16
42993 13025 14
4660 41583 6
7014 15341 7
5493 48285 8
5011 55202 2
18851 32725 11
9661 46504 10
19891 47386 14
48863 3290 18
50711 7200 5
33976 54051 12
47769 46405 10
42907 26207 4
21304 17126 11
55169 58478 10
25536 19385 8
21626 32684 5
10474 54533 13
52826 24335 4
37409 26058 11
6376 694 7
38016 51196 11
45470 8126 15
6230 44104 13
17818 40910 10
22217 11163 12
29084 5549 9
19684 30920 9
23217 12891 6
35916 44290 15
57880 25161 4
49826 53906 10
43258 590 11
54591 45460 11
24556 54642 6
8594 11091 13
21951 10075 4
8702 45420 7
12518 22176 18
23405 49195 10
17217 58806 3
28404 16224 10
56395 52189 18
21522 41732 9
39755 20306 4
4059 7544 12
52192 35112 11
22480 3906 9
294 27459 11
10492 51759 10
20746 12860 7
36511 45087 3
57585 34949 8
46342 780 2
9745 6111 2
56916 12142 6
44839 3128 0
30012 47805 16
45298 12075 3
35065 10324 3
3428 25535 6
30185 3172 16
29510 16817 18
55972 20168 10
54523 8438 10
28241 45820 9
33569 51484 13
12449 19347 8
13272 14609 11
34224 2054 12
14768 27239 12
34195 55009 12
20277 21961 9
13749 57389 2
8772 31227 4
3379 37851 6
18081 15910 13
38112 29113 4
24277 18158 12
18534 1928 10
54202 16447 8
33076 26788 3
23425 5771 13
22969 29239 2
52517 41559 11
33070 55810 10
43336 26982 9
2239 9332 11
21654 14774 8
47875 22271 10
3007 9074 7
48996 36009 7
27686 59710 14
25023 36219 10
49903 41998 18
9276 32042 15
47401 15779 6
20227 3344 7
58178 35804 17
122 42653 9
44148 56127 11
58796 55158 16
16271 29655 9
35502 5190 10
54714 27202 8
50969 25923 7
53857 10922 7
59010 24311 8
41599 24574 6
54789 33065 11
26632 32619 8
56971 24123 7
44835 10321 15
15364 34922 11
54119 31348 8
55414 13922 10
50558 46397 10
25220 32501 14
45052 37 2
25469 24058 8
17418 35020 15
47856 49696 5
53965 26114 9
38167 36618 13
36069 55543 9
17855 41819 7
39343 14002 4
54008 7039 11
23092 41936 9
54549 52100 0
51329 27319 9
7736 19399 7
54760 25934 14
18147 16252 16
12022 1872 12
3798 20032 11
39017 50243 12
5907 37213 16
34222 51461 10
47308 16036 12
58734 57203 8
31945 40439 8
33145 20294 4
11953 53839 5
56453 418 6
8587 35257 6
18228 14004 9
57111 41999 16
38211 4233 5
45058 20449 13
10599 37223 5
11696 38214 1
54874 43552 4
45816 48476 17
25770 36542 5
50324 58949 1
41264 35304 10
45052 37023 4
12504 38661 11
37139 21507 4
20545 52196 9
22822 42812 6
39006 51849 10
19935 22767 8
36041 6388 18
58507 23932 2
19565 22905 12
27857 26445 2
44213 7071 3
12083 12488 7
18804 31066 8
56669 12293 15
57995 17199 10
5335 33617 10
33913 26887 3
44576 37841 5
34489 5201 12
17524 33703 6
32317 47985 8
56910 1629 3
46486 30879 11
39142 467 6
28585 24250 2
31770 34822 3
44138 44660 4
49057 17998 13
40152 17808 7
21513 35793 15
40355 2420 2
32226 27410 7
55025 55106 16
33458 59290 9
14262 38036 3
10233 51560 11
43782 2309 6
32769 48534 5
46649 54419 10
2272 6973 12
52538 34923 12
10826 37739 10
14881 3960 10
21742 31348 10
27104 16941 3
37225 27060 11
27969 31600 6
23105 34461 5
20514 6780 14
38932 1522 9
44282 4341 4
28897 18102 17
53177 6054 1
53632 3505 17
2643 20642 17
16646 1671 13
50499 13121 7
19344 10136 12
39128 54374 7
9917 46631 2
17763 37984 10
57379 20820 14
29487 13874 13
49602 49977 10
58655 9305 9
12884 25667 8
8703 47524 7
2107 25466 14
47449 55401 4
30934 31686 14
58713 15824 13
6302 48265 14
56628 51139 6
19756 8275 14
57290 25104 8
56087 48859 11
9809 46358 12
3451 28693 10
43664 34650 4
54126 30200 6
5571 40989 14
53376 28263 2
1036 34594 17
40485 8826 9
35161 29909 12
51974 37607 8
58116 12706 9
35722 14980 8
42879 53138 9
22397 50435 9
44102 38876 11
37858 35667 10
59809 48287 14
21225 26688 8
20279 7040 9
23186 36672 7
19951 37759 12
46748 50187 4
54819 30768 8
27444 2402 5
40070 26398 12
15036 39935 10
17015 28794 8
21032 28218 11
23225 48911 9
57657 22421 14
45443 981 5
42245 16231 3
6805 20391 3
59047 33569 9
39871 45659 9
19551 56394 5
39323 52740 5
58245 39810 8
36585 1432 13
7583 24211 15
17904 32763 8
56621 19821 4
25419 54685 4
47584 30869 8
38679 45205 15
43426 27555 11
35221 45219 2
27233 28594 5
57803 37079 11
22812 24787 9
20825 19057 4
10528 58981 7
15851 25768 12
9879 43897 12
56378 15489 6
15987 18046 8
40249 22479 11
59266 48069 11
43043 48575 17
23028 8101 8
15962 23517 13
18521 29686 9
14683 25142 5
1144 57937 6
43592 11044 8
22991 3697 6
4053 45449 5
23718 56879 14
10215 52111 8
40927 8497 7
1006 47340 7
22621 38969 8
39066 36064 16
27918 15533 3
4113 20004 9
38842 9500 8
5503 33257 8
40613 6128 10
47658 51634 3
56375 3999 6
12203 12425 13
46102 25248 9
6995 20224 10
9625 45517 10
33784 49278 10
48440 51297 11
18361 42847 4
31445 37357 4
35917 24041 6
48282 35579 13
24748 46523 12
50473 5030 12
49956 7934 12
16615 51573 15
16924 21637 16
53947 6696 9
13532 19522 7
14196 45107 6
6359 13034 11
240 33116 11
36841 56575 9
48769 38472 17
23686 2732 7
18849 24180 15
58072 22511 11
57522 37536 4
5985 56395 13
18914 21556 8
50927 48074 14
54361 16352 5
34099 9314 8
44403 18773 11
53165 12395 12
22290 11400 17
5768 4989 11
13798 25320 13
48437 46980 10
23469 35988 11
10135 38106 14
56390 24163 7
57241 32988 2
22762 41711 2
44307 40034 12
35885 6664 14
49127 3244 8
35820 26347 11
49711 21216 0
2147 7468 14
18626 55441 5
47537 47557 6
1737 55153 3
22633 47594 8
3184 14337 8
38268 42121 12
53735 35634 6
23237 14332 6
48232 35691 9
51892 40403 2
7317 39025 9
28310 33814 1
27649 26069 3
54866 8765 6
13918 26827 1
33326 56674 7
40496 24214 3
53777 32034 13
44458 3105 8
37229 7138 18
25961 20366 3
26798 9281 6
32362 42331 7
95 53336 13
44561 37844 8
33106 4443 8
15477 41930 13
29374 50920 12
40762 51736 12
36610 4278 4
17263 21775 7
45036 10618 3
23404 35834 14
57121 39374 6
10284 2406 9
52028 49507 10
19390 58018 7
12836 24723 15
45276 1119 6
45370 33932 6
7533 18296 5
8903 37966 2
10280 53331 4
12612 41020 12
58722 23978 3
41159 57637 12
22282 34409 7
39934 38404 9
20360 37459 9
45235 11814 6
31216 15254 12
49154 41154 12
11947 5632 9
22541 33227 13
28277 41748 1
21994 186 2
23776 59471 15
24223 47903 9
46907 54202 14
39959 12078 10
36222 44199 12
39804 28039 10
26601 45312 10
44532 30772 6
37727 26316 13
15381 57305 11
19386 46900 6
31907 19492 4
33804 3627 13
26062 38035 15
57997 31709 13
31231 54650 9
53578 12339 13
40145 2781 8
10487 41533 12
47816 27192 15
8823 36059 9
8515 43128 13
37467 1269 6
59204 11770 2
34070 53583 7
12587 6104 11
38869 21660 11
27669 51272 3
56542 32189 13
53191 6671 7
26741 54924 7
43580 30859 12
25740 51849 9
58685 40137 7
44361 2845 12
50750 5492 5
19375 51731 5
56088 23372 1
18944 7363 17
35456 8407 5
51774 57756 16
8101 36638 7
14352 57085 8
24186 2465 16
3962 26025 14
4513 24082 4
29115 31204 5
35659 11912 7
19752 44186 3
34210 46736 4
55906 14424 9
13970 13837 14
6865 49530 7
31573 50329 9
56187 20350 4
40155 47916 10
11690 18793 10
37658 52184 15
20490 37679 9
20724 54749 17
795 38204 18
22916 55571 6
44249 12806 15
6261 35993 9
28426 47572 15
24764 52227 10
34870 56388 10
20504 37460 8
24004 15984 7
31279 38853 9
8587 19224 3
31729 46160 15
29931 46810 7
24282 57209 3
24229 1910 6
53371 32803 16
21713 602 12
45703 55791 13
4388 49834 3
40555 24097 13
18705 49943 1
29102 17747 10
51990 15779 8
51186 20245 10
55351 59100 7
54029 55636 8
10940 51669 3
8287 51127 12
52484 3443 15
25450 36142 17
2847 47411 9
30264 59998 4
11518 7347 2
23966 26598 8
33724 13988 4
16808 10953 12
44282 30352 4
43344 41164 8
22994 13597 15
20946 39617 12
24468 27870 8
9576 37661 11
5998 11437 14
18337 55606 9
59227 55280 9
32122 45502 10
29835 7434 8
32809 1229 6
21442 43991 10
10218 37229 17
30474 55264 8
55231 21667 11
47599 30903 12
52633 30858 8
9067 54956 11
19746 38571 8
2025 50948 5
46015 27167 9
50165 18253 11
52976 4670 2
52304 37909 7
57380 24788 4
53022 33102 12
9642 11524 16
3568 3023 7
24616 40379 9
9342 7864 9
19571 44720 10
11177 31714 9
37160 30634 17
54457 57243 15
44233 34255 5
47882 59516 12
12872 34387 11
53854 7560 10
39907 51035 9
33925 23332 4
2438 56213 8
30422 17520 11
36703 36344 9
19302 29522 8
7937 56243 7
29816 44401 12
52786 29143 9
5397 32826 8
23250 15875 12
10014 37014 12
7558 53966 11
17743 52900 13
52334 49139 10
1796 4235 15
27362 20276 13
10097 46315 7
16601 5087 4
44833 16565 7
48378 18000 8
19721 26715 7
11831 48433 8
260 22519 7
11815 10416 8
44324 20968 17
13883 9237 5
54100 2136 8
10536 1304 6
29094 19348 4
48603 26260 5
1301 13937 9
21661 4703 5
10423 34724 14
42684 8941 8
4687 38763 4
37115 29500 5
41444 48909 6
9117 37463 7
41400 17690 15
50632 3292 10
59648 54008 4
42846 24726 2
37572 52563 14
2700 4964 9
39265 32409 4
34655 56032 7
9374 39786 7
58545 36766 8
5906 6707 8
26684 49515 10
12350 5324 6
11031 22344 9
51040 51761 6
48232 45105 2
58461 26490 15
31112 48487 8
43315 24707 8
37514 40971 11
49570 34826 4
8036 57466 8
9610 53189 11
53553 45630 11
58922 17907 11
34549 37286 6
18541 33564 6
28083 36984 13
32880 33682 13
59725 8159 9
25790 34855 5
25385 54036 14
21565 30322 7
12682 56228 5
38950 5591 6
7605 7403 8
7716 35385 13
7759 30270 12
10554 45451 9
5019 48381 8
45852 46140 13
26790 54970 8
10655 33967 9
28731 54453 8
35056 59110 1
4634 24161 0
48859 25905 8
28628 8398 12
47327 41039 11
17119 12602 6
53533 39654 15
18121 8452 10
28437 45651 10
29440 9997 6
22680 47350 9
18412 35232 13
46096 50690 13
49976 55510 14
52488 45461 8
2001 49791 8
53932 56603 9
21792 2347 6
14811 22214 14
57611 25458 14
28161 28944 10
563 14444 10
11691 45721 11
54018 33176 10
5607 11615 11
51622 2457 9
7329 42979 13
17981 30058 10
34877 37200 3
27802 12593 6
30379 25453 7
59231 26465 11
46317 49074 10
6877 4316 11
12655 12876 7
50897 4038 6
55355 6941 4
22155 36197 16
54295 35103 7
39445 49894 6
36135 33875 8
22873 17673 2
41791 9222 11
28414 35650 13
8634 23097 4
55481 55515 2
48680 39714 8
42737 54869 15
25329 3756 4
17766 32101 14
49254 4065 3
607 17135 11
25097 17342 2
11048 20935 16
23544 26248 9
9772 583 10
40124 35701 10
14518 10643 9
31288 43532 13
57371 18389 13
40882 45753 11
54683 28280 7
5951 32990 5
3670 35769 16
1504 38109 3
6611 25824 8
47559 35004 7
46699 32675 10
57994 52805 15
34711 23489 7
9317 33474 18
1709 26928 8
14269 50771 7
37622 56585 7
29934 7253 13
35367 8670 11
20252 36130 8
48462 33223 4
43122 6338 7
32047 25375 12
27793 17904 4
27044 13828 9
6541 41744 7
52103 9890 9
42980 42529 8
15981 28960 9
29120 59611 8
53147 12754 0
19514 8342 11
11813 21177 7
15801 14353 8
49332 12623 9
53581 6224 9
14015 50946 13
40486 37271 7
46277 47411 8
36234 55863 9
46313 53045 10
51848 50765 13
26311 51869 5
26201 11955 6
35923 5681 12
38819 36069 9
51576 25163 1
21730 47934 12
4643 29056 18
41723 5611 2
25783 37791 9
36939 2931 14
5094 29997 7
24126 6129 11
53077 7941 0
50406 48865 6
41818 31663 12
37898 47676 10
45425 3323 6
36973 47247 8
53492 15608 16
26823 50072 12
38891 41091 11
12115 5134 6
36664 8579 8
28477 58571 7
6346 41402 2
52992 13632 14
3266 20960 2
57669 35575 12
35444 42780 14
42907 50158 4
12862 29014 15
30991 23286 6
32044 33836 8
28055 55625 0
49187 4315 7
51944 53001 11
27242 5317 16
26826 7842 9
46118 55725 6
32187 23033 16
20346 59308 6
54152 49523 13
12429 27439 12
6174 47880 5
54446 11295 9
28457 25089 6
54096 56982 10
53920 32600 10
10742 48871 11
58113 6742 5
25558 45916 9
31118 52605 3
26799 10809 7
54984 57595 5
55750 43233 16
7515 52823 4
54879 35106 1
41619 29889 12
1524 28859 14
25450 14218 15
17061 27734 13
40008 15371 9
18339 11142 16
12695 6141 6
23913 8366 8
41066 44289 11
43246 2948 7
54470 27084 15
50623 10750 10
49184 30599 9
12731 13120 17
14926 56882 17
50769 13445 16
59146 35899 17
3458 33339 14
30414 55581 9
59033 19288 7
36365 49586 8
23515 36468 5
18714 43825 15
19894 25037 9
38951 15792 5
30408 55608 9
46017 36099 7
38177 23576 4
31518 41273 3
43279 33576 6
13505 16985 4
49518 11617 9
20701 4257 8
52876 39305 17
30646 45339 16
7833 58319 3
41714 10524 10
23227 6783 3
12951 22188 14
36256 41841 14
12697 35222 6
7329 18379 9
36694 28834 12
2281 34243 14
4353 32036 9
40686 31124 11
19887 31344 3
6620 30876 10
18204 2363 7
25858 8183 13
58341 53275 9
27814 11702 1
11568 3116 8
23218 38413 12
56758 11161 8
57834 38140 7
36652 50434 11
401 6591 10
1509 20310 7
17329 12140 6
45112 59672 2
49789 42772 7
34304 8894 10
23351 19276 14
24348 10312 7
4102 19014 14
34657 52265 17
50731 37817 6
5023 9000 10
41632 48428 8
44610 1204 9
51675 42313 9
47053 19741 10
58664 12473 7
24614 35615 12
81 50363 8
28773 19503 6
46482 33405 13
15776 54725 4
54758 6805 8
42941 29403 4
5964 42715 6
44632 41723 2
41429 45540 12
1566 32279 9
38475 3832 8
52005 31379 5
29787 20614 15
1435 28990 4
5630 28075 11
19932 53703 7
51347 8747 9
47593 27249 12
11696 3632 9
28749 44749 6
28047 52247 9
14017 56255 14
38613 56765 8
38907 51582 11
15138 10939 6
4669 58688 2
37962 2779 3
23743 16167 4
3593 16649 17
3169 26381 9
25351 42353 5
32198 44614 3
38530 20563 8
3097 52966 4
15823 23192 13
29497 3943 12
53588 27031 8
22607 9912 5
29973 35836 11
32294 35657 6
31574 27679 6
14902 39953 7
56536 41448 4
30518 43186 6
21611 6749 10
59597 34617 9
6023 35059 8
49013 14266 14
45220 24768 10
26629 8674 6
6564 27129 10
53797 24757 6
24895 36184 6
48990 58621 13
35306 13845 4
56293 35992 9
28627 36242 6
3420 59426 11
28631 50986 5
35268 22641 5
52256 4748 11
6218 55276 10
52175 33789 9
28969 42218 7
55857 13083 9
2535 11908 9
49990 55371 15
35932 2766 16
10122 5664 10
19956 53080 4
30309 29425 10
31840 46684 8
2386 50072 5
12567 55626 3
37328 30982 2
30894 35992 7
6392 47246 10
11070 43318 12
29921 32185 4
25460 52783 8
22961 20874 10
9185 2151 8
14900 41253 13
42505 32141 9
45858 10299 8
21363 21749 15
57759 36808 8
17253 50297 1
23428 56829 10
40415 16285 16
10357 10887 10
5605 36942 8
14128 58228 12
36733 7640 0
55706 26162 13
54587 28813 6
58063 5409 6
45151 44243 11
23572 25188 15
12407 58271 6
58158 57102 9
52174 14398 9
30190 41912 4
18287 10284 7
16341 11146 16
19255 40332 6
2149 28726 8
45836 47203 4
30533 38689 13
45297 10677 9
49675 6994 16
5443 25622 5
32236 58530 14
59000 39166 16
43177 33629 2
34063 47511 2
5912 10061 6
26450 52658 16
6131 36776 17
37428 55611 7
42473 28548 13
10294 45039 10
52222 48130 6
15097 10339 5
35585 41224 9
4359 9875 8
41915 12628 14
25471 13614 15
13107 26910 17
57952 18315 6
28259 42402 6
23512 6381 6
21219 16099 7
52406 45589 6
22287 10047 15
50927 25163 6
50023 43724 9
8018 41540 8
52113 13953 14
47992 46966 12
12546 14062 10
54138 51052 13
59051 49544 2
27736 46130 7
3125 2332 3
6721 3583 13
52458 47403 9
22227 52930 7
17321 46895 7
34593 50326 8
52227 2565 14
41112 50901 11
44644 23762 18
52170 25132 7
39996 20156 6
56149 32786 3
24078 37614 9
5930 56390 10
5012 12806 17
36457 33283 10
39612 38046 9
16962 27866 11
49837 11725 8
25653 58855 18
26131 28100 14
33089 10871 8
30200 42299 5
45858 8629 11
26365 19254 8
37913 9731 12
22029 37212 6
20028 11343 12
7835 4041 6
23824 31157 16
50424 34758 7
20103 13217 13
26614 47466 9
59115 25406 12
15102 13193 10
41017 41977 14
38001 40771 11
25086 40858 3
1969 7383 12
31788 42173 5
37340 20055 11
17352 47217 15
28727 3900 6
4013 22856 14
40545 48941 2
53685 54999 4
38933 23589 2
43920 629 12
8731 35037 14
11246 21527 7
59679 29835 5
32302 30593 6
3656 33244 6
3890 46679 4
46462 16052 8
29477 45607 5
24240 6091 5
31345 41265 6
36760 44431 11
23485 51427 17
55938 49702 12
9639 10400 12
7418 32539 3
31178 27679 5
45838 30534 5
11775 16624 6
49462 41792 11
33208 41133 11
3390 3727 6
3163 10958 7
58387 27428 4
38921 42620 13
37254 12091 8
49903 42165 12
11159 26247 12
50121 26312 3
14052 31850 7
50232 24254 11
48753 27850 13
41376 41595 13
43626 39746 10
58166 46065 11
24815 38632 11
1370 29879 14
26530 55122 8
8812 33824 13
47905 25135 14
59377 56514 17
51410 2235 13
49012 38609 10
21626 53587 4
47404 47291 17
19013 58944 7
3891 48180 1
38627 14009 11
42995 51041 8
58940 50329 10
30381 12256 10
55912 19567 18
2469 46719 15
57614 8944 13
15940 1509 5
36538 25912 6
33580 12158 15
34259 56217 11
17284 34114 2
41854 49727 10
39035 59618 12
5201 57758 8
11109 42594 5
16859 45957 12
27107 53920 14
38995 42660 11
31448 26034 0
14343 37743 8
43763 28306 17
44238 28908 11
55466 59112 0
55692 52555 6
56887 21406 6
50185 39803 9
16039 20521 8
22686 45860 6
25113 18277 9
24501 23508 10
57779 16552 8
56688 57481 12
39680 25757 12
39368 28916 11
46299 59140 2
21633 23850 10
9855 46961 12
55494 44496 6
30837 31965 12
27973 12191 11
23619 3316 8
24155 58304 15
6522 28554 18
36536 53597 1
21417 39081 15
17552 16389 9
44164 22059 9
45999 56885 5
22138 10995 11
8846 50114 9
47886 19390 9
20035 4252 6
54822 43253 9
18237 51814 16
18938 4469 15
8074 34273 7
27215 58556 11
37985 8301 14
55303 11080 8
510 44961 12
12899 33247 6
53255 39544 8
39705 53187 3
16263 23301 12
26609 23923 0
52767 4653 13
7742 53740 8
47020 18793 8
43768 59293 7
3278 13837 14
34585 13912 6
2939 32987 8
40607 15203 4
23489 3121 14
779 24697 10
46328 49496 10
9340 27352 3
23918 36987 11
52356 44511 10
43050 41156 6
11079 41265 11
38022 22197 6
15855 9116 7
27531 12938 9
59894 38026 12
52639 20804 8
58890 15470 7
1127 27727 13
23963 46447 16
55381 16091 4
14550 50208 5
52162 33492 9
35380 42358 3
26849 7226 17
32070 54820 11
8426 15471 4
11462 39435 2
26428 20082 4
511 21586 3
31108 19239 14
36051 21816 11
27468 24441 11
48127 59076 7
46261 945 12
21615 53509 5
29727 56983 17
19108 5255 9
54587 9751 10
38565 25333 8
13017 32728 6
56282 40629 6
57720 25665 10
56508 9484 3
52636 24034 5
29437 50252 7
17938 17920 12
10640 39623 7
12752 37797 9
49689 30484 5
34416 57587 8
44840 38401 14
44101 54378 14
17370 20159 11
55917 49014 10
6645 43771 4
36500 43977 11
57736 29492 11
6471 46051 14
9006 5145 14
45418 41362 5
16394 46927 12
43943 12270 7
13597 27167 7
42472 36511 8
9356 55818 10
17031 58788 12
48081 40026 10
7571 41743 11
36155 4378 10
37197 10941 9
41821 34173 13
37289 45576 13
5141 46193 2
38044 55331 5
25432 59349 8
1803 32899 7
21142 202 2
18180 47361 12
6099 3568 11
35117 28705 2
57259 5142 8
44459 4800 7
5732 38454 13
2561 24126 13
34022 14415 11
10812 52460 8
59744 53128 11
34905 30437 7
31109 36868 11
31188 30601 5
6657 55744 12
54277 44224 8
10779 53366 7
28232 9496 8
14215 43409 7
32454 43389 8
10229 59503 13
18089 257 10
1857 25106 13
38067 55316 1
58938 44589 14
34602 44276 9
31526 19403 9
20652 38076 8
28761 12945 9
22697 15358 5
59342 9818 7
2597 54283 5
34702 49954 7
1369 20348 3
16575 5622 15
8580 48862 8
2938 36485 9
49064 55243 13
57710 3826 15
20340 3911 4
33235 36323 8
19111 44219 11
17813 4696 8
11202 41202 14
22981 19331 8
59924 46888 7
26362 46987 9
48536 55321 11
26568 19202 9
24002 11487 15
54394 42309 11
18398 33118 14
23870 23058 6
4978 45621 4
48509 13934 2
51402 55620 3
34533 45529 4
40895 3853 6
27933 52665 10
55157 31772 0
43014 26350 11
57240 33398 14
33341 12343 9
24682 30735 10
15243 44113 11
38883 19925 3
18314 25206 13
58011 11513 14
38427 4733 5
46166 34256 9
34094 45790 6
44121 10807 9
31699 20497 1
21296 16755 10
27373 52791 6
6522 37224 13
30823 8105 4
43740 59253 14
15723 4387 15
21912 31409 9
55225 49536 6
49550 3288 5
6061 15544 14
48289 59348 9
55199 45828 10
17803 39868 4
17327 26670 14
24505 1241 16
17617 15612 13
9546 39575 3
19797 56792 13
49483 57393 8
17137 31686 10
19495 45342 7
26326 23682 7
31734 37916 3
44434 53431 11
29182 25329 3
22026 30024 0
41795 41051 9
38028 7519 8
59055 38281 10
25976 17239 5
30145 25946 3
33853 3764 5
45839 17961 14
11909 1406 5
21160 45402 14
47922 47686 11
59013 33794 6
24469 12284 13
16432 26990 13
19192 31572 13
46889 20284 6
40358 45122 11
53572 56036 4
27947 21748 8
39755 59249 3
52481 39968 8
38139 13971 8
29017 14580 8
11253 59073 6
44832 39340 10
15245 45000 4
52912 4305 10
43666 2844 11
6482 55028 4
4024 499 10
33445 11170 5
51886 18848 7
5469 57802 3
12388 891 5
18429 42190 2
37362 30225 8
5034 50347 13
51806 54831 16
50509 40018 6
53701 40302 10
1164 541 11
43703 45297 4
33310 986 8
1393 43453 6
59222 22310 6
43845 23785 9
1368 40622 11
57450 55355 4
35059 14761 10
8786 7862 17
42906 12842 5
19925 15915 4
51056 43039 12
20498 28296 11
21652 32075 12
6583 31168 5
32867 36872 13
46088 20096 10
57065 19093 1
24601 56260 6
6109 53631 3
53274 2719 9
7543 33489 10
30781 30718 10
45531 39319 0
5028 52420 0
697 57595 9
14071 6688 7
41346 34928 10
52725 26962 6
46456 7670 7
43193 3503 14
18601 17685 13
56679 46240 9
38705 22321 9
3662 6144 15
55895 23100 4
44505 45912 8
54104 2832 9
14808 25147 13
1277 17023 8
48421 11581 3
58532 33112 12
6728 24770 4
13430 45943 14
20036 46216 12
32291 55524 3
44908 26932 3
31134 11164 13
56625 59346 9
6255 40808 8
28711 4205 9
7882 35776 3
19157 6324 7
27643 49208 8
50403 48319 6
32441 26771 10
2458 51843 6
22239 36841 10
39807 18512 8
28393 45781 8
30447 34705 13
15338 55527 13
47937 53785 11
31654 7111 10
50971 24741 0
20598 58580 12
6248 6654 6
22236 12583 6
31253 58439 16
51839 13302 5
31038 25438 12
29813 8676 18
7375 417 10
25179 36057 8
29350 21925 4
7825 10565 4
7575 15475 11
35037 36459 8
45014 45292 13
42153 32754 7
7893 1996 2
7214 28765 8
45336 8195 8
48582 49290 8
26597 32042 18
954 23751 6
33546 32169 5
7019 59310 13
45929 19810 8
46672 42646 13
14057 56334 12
31329 14592 8
11356 22581 10
24392 21886 4
40224 11701 4
5136 13789 4
35939 22404 5
34281 24592 9
40079 6728 4
29839 19949 15
19918 59112 9
50945 40192 15
48182 50819 15
15571 37926 10
8979 11375 8
25287 551 7
32886 27080 3
50548 31253 16
27145 35705 7
27755 35653 4
53664 48854 13
11937 24880 4
26023 49070 11
57163 16611 10
39267 25933 3
14656 31778 14
26620 23710 9
57213 51862 7
40242 47035 9
20259 26461 13
30557 22824 12
31948 30483 5
9222 45576 9
16032 48277 9
44533 14822 14
55690 44958 9
2031 59672 3
37590 58151 9
17006 35664 12
23696 56770 5
5551 34013 7
55049 40826 10
12162 51775 5
24766 19557 14
20880 54300 8
12380 58726 13
34319 30566 12
5599 36653 6
49288 38942 3
47766 33176 11
43617 42271 10
56796 34618 5
44538 2891 8
29235 57575 15
43959 48769 12
52627 6988 14
9497 20187 3
53603 54694 6
28803 13522 16
52816 50779 9
3631 45968 17
52734 55674 5
52795 31935 11
27285 35308 12
9248 881 6
8046 20491 15
18107 41676 11
42594 45694 7
46949 56341 9
47393 18398 10
36430 31226 7
31170 37943 14
55124 48005 14
56697 40986 8
12483 28601 9
2019 39542 9
7959 23459 7
34324 6821 12
9398 59814 16
11652 27928 14
25725 27816 11
37069 16531 4
42646 39492 13
29031 39076 9
7926 35932 15
59171 57253 17
37143 26106 17
5413 24849 6
3550 58010 14
9306 1897 3
28566 53069 3
9125 54962 12
13481 20378 13
41950 13883 9
45315 13872 9
26897 46025 5
34487 37621 6
19252 32801 15
51454 15534 5
14884 52370 6
53697 35549 10
32891 2462 8
50316 16328 10
36687 48547 6
35381 32119 11
349 57464 12
18137 17430 0
22659 57741 6
5208 47181 11
8270 43818 9
14949 30286 17
26845 16271 12
37559 9226 3
20802 54601 12
39924 43147 10
52186 25717 10
48991 31468 8
50093 32078 3
48421 9593 4
28310 28597 2
36822 50179 13
13854 54731 16
57804 24855 3
50030 48676 6
6742 54560 10
10691 25555 6
9838 19854 13
25186 9504 13
14962 31063 7
56924 11851 13
41398 32315 16
33980 48823 8
11038 46810 13
31059 35032 9
15360 40487 10
52290 43978 12
57034 52674 13
14347 44893 13
13213 40804 3
24246 11569 8
14840 26121 6
37382 50942 5
4333 29841 7
931 40274 4
11947 15531 6
31978 46459 9
41514 53457 4
40430 34013 7
56015 40068 4
34401 58079 1
36648 40253 9
13585 6536 12
46303 2660 9
17766 24660 17
2761 22769 12
18173 44116 9
24240 13829 5
37533 46073 8
40508 44929 11
42028 9097 11
47229 9593 6
22048 44509 11
30144 44993 4
3424 58665 12
35571 44690 15
17768 35257 11
8666 53509 7
19679 24501 15
2596 36879 4
21356 28287 10
7237 36333 10
9455 19749 14
17154 48210 12
56312 29070 6
58206 50034 2
51330 34866 14
13507 50375 4
11278 16754 14
16631 4833 12
47031 28506 3
43460 23497 8
48441 44140 10
13935 26430 10
57519 24275 10
24057 46722 12
22446 41890 16
55779 7910 10
11378 33878 12
4852 22610 16
53485 10157 12
57493 11183 9
20258 11957 5
58319 26104 7
20144 55482 8
32446 39834 5
11706 47463 12
51585 21843 15
51261 34326 5
30897 37463 10
6241 51826 13
7473 32251 9
41800 22591 12
57200 29912 9
37615 39653 11
27094 47123 6
258 7630 18
59901 37593 9
52267 54670 9
57246 29607 13
5550 43790 3
32133 18182 11
35631 17707 8
40382 22552 5
26755 23843 8
27979 44728 5
47725 10860 8
46111 39703 8
27888 55743 13
4073 4057 5
8041 51613 15
36921 1351 14
10897 12622 1
36207 37469 16
36 34741 10
16403 56385 6
11110 53200 6
25121 13721 0
21676 8204 6
53956 29646 2
20336 6513 12
30327 54399 4
53495 13603 2
4128 32765 5
50805 25175 16
59464 57217 1
18731 34733 9
53219 7425 9
57732 7870 13
61 18025 0
38846 6315 9
11183 48909 4
18886 42497 9
55175 36845 9
900 680 11
57190 28099 11
9780 33907 9
56829 10657 8
38912 5717 7
19087 31853 12
7189 59801 13
8216 8310 13
25865 29967 3
23783 11133 8
31606 10578 3
52517 54962 10
12410 6013 0
43518 46293 8
665 49980 5
53559 13659 4
36090 29120 12
59198 17291 12
51668 12179 1
33916 50472 10
56382 36663 9
17516 7188 7
8112 12219 3
9926 48274 8
59750 30695 12
28145 35561 8
25633 11326 12
20160 22566 10
52699 6840 10
20730 45293 16
48809 49357 16
59067 50003 9
23217 56697 6
2252 54279 13
25307 17250 12
42557 49952 10
41686 15624 11
32581 24757 0
52777 4456 8
19408 40545 10
31875 9119 10
19596 40500 8
52627 48767 14
5884 43384 14
982 28732 12
25732 10544 8
31961 46724 13
34101 30078 5
44682 55812 5
13692 38990 5
5525 1344 6
48423 5636 7
1089 21883 17
18240 3244 5
5063 32185 11
41652 23284 4
51698 58418 2
41183 34173 17
34942 57738 13
32618 6672 7
52766 43802 11
44051 50580 8
12262 23358 9
7293 25692 0
6295 41316 9
17239 12848 8
43914 27054 5
32473 48073 9
52015 53352 11
55927 52550 14
5481 25713 5
57400 35787 10
59755 19363 6
4676 19907 5
7463 35665 12
9421 37238 11
50388 49962 11
4329 25622 7
54708 54071 16
14048 9414 10
1108 57676 10
10995 57429 6
977 12915 10
40594 28950 3
42688 42503 12
59087 21226 8
13224 30506 3
10313 22565 9
9289 2507 7
27464 35050 10
22163 43665 7
5149 21518 10
58364 47215 11
51265 6732 5
39953 37155 13
41398 29641 9
4578 41021 9
46240 13753 13
30426 12371 14
21578 9007 0
47023 55431 9
59267 9070 9
18615 41932 11
166 3623 10
1006 19697 14
3619 38370 10
