52705 9706 2118 23054 20687 0
18837 12185 8990 55512 44829 0
7567 48697 34895 2712 2459 0
8240 18429 19685 41467 49620 0
2213 46425 16933 58624 53556 0
57423 44793 34725 18558 37080 0
48625 23237 516 13806 57132 0
35018 28313 23232 13384 18183 0
27932 8977 8136 31674 8504 0
29931 28660 49711 22216 3829 0
59770 37989 43986 10937 31546 0
6836 45452 24581 51698 50961 0
30192 47679 16368 57628 6165 0
4052 54375 19261 24302 7005 0
19719 8867 31684 23233 37480 0
52309 30473 14077 30963 29697 0
17722 55096 22448 57438 56004 0
53414 6298 50138 52270 14685 0
43836 59696 20686 14186 38198 0
31633 22624 52727 56494 45922 0
18479 56099 26899 5010 19336 0
2741 26158 33271 22505 5812 0
17822 46872 58844 26121 17993 0
53991 40993 32886 52901 37942 0
12410 22228 12185 20818 46440 0
44215 22113 48261 35431 48180 0
33128 30237 18466 12083 41902 0
40472 7975 4177 9523 13176 0
51621 13856 55755 34920 49129 0
5563 32003 31813 49068 38668 0
43397 21257 45607 877 55728 0
59109 9930 55885 44024 22437 0
52797 28312 9715 24605 35940 0
13642 37499 219 59167 58995 0
22137 41079 15111 41650 9294 0
51425 24922 52660 41650 50126 0
16943 13176 31203 13952 44282 0
43521 17 49338 26896 40163 0
1622 9745 30291 25500 20229 0
5178 20372 46882 6836 7426 0
59943 40004 6085 43732 11016 0
11276 54272 39250 45155 14262 0
22264 43328 49908 35095 17890 0
44274 59787 56595 17089 58330 0
25866 33114 55195 53556 31186 0
36210 42456 37260 10562 20962 0
18951 5628 28022 1800 48549 0
45654 19446 48550 18545 564 0
6253 57919 51915 5266 19330 0
5933 2695 27389 6251 42259 0
20136 23259 55002 39985 18079 0
44274 11567 59242 47206 47594 0
39087 20515 39108 33705 16148 0
8281 8522 54219 35676 29589 0
35109 34027 38569 59692 4847 0
55294 53837 53257 8697 5397 0
33364 59615 28191 9497 21059 0
16266 16144 43997 37036 12237 0
34895 15478 23259 38232 21182 0
6576 36597 45219 8672 4546 0
53767 44381 1158 8204 20019 0
14352 33626 39997 39731 18055 0
33266 5254 14244 31596 171 0
32423 22283 37597 23903 35063 0
57057 59840 45826 54398 58876 0
40030 13358 16126 24827 18353 0
5247 47814 44546 5402 26032 0
5114 4499 48223 39386 41224 0
43616 13546 5074 41668 7014 0
15629 6044 49018 5990 55437 0
19829 33419 10458 47118 20774 0
47802 48965 3499 51015 7200 0
34702 54116 48197 46685 43026 0
26207 21979 17347 55059 58684 0
26078 20186 22329 32894 11478 0
55195 53147 25035 37831 26204 0
6376 741 37899 51138 46530 0
8790 6417 44116 18007 41508 0
22283 11611 29084 6062 20658 0
30920 23849 13594 36217 44626 0
57543 25161 50267 53872 43395 0
639 54880 45707 24995 54515 0
9049 11771 22216 10075 9325 0
45607 13384 22772 23576 49769 0
17782 58806 28518 17263 56475 0
52225 22184 41473 40163 21249 0
4575 8104 52228 35109 23170 0
3906 237 27663 11475 52442 0
22062 13952 36511 45340 57750 0
35391 46410 780 9745 6574 0
56640 12877 44839 3128 30900 0
48127 45526 12778 35569 11181 0
3679 25535 30453 3512 29861 0
17746 55911 21170 54857 9007 0
29516 46309 33626 51117 13332 0
20030 14052 15025 34134 2105 0
15146 27561 34092 55072 20993 0
22437 13749 57420 9393 31869 0
3379 38933 18749 16968 38058 0
29113 25335 19217 18801 1989 0
54278 16008 33076 27186 23262 1
5593 23299 29239 52830 42501 1
33152 55642 43986 27469 2239 1
10065 21597 14767 47875 22325 1
3208 9434 49105 36000 28695 1
59733 25912 36112 49732 42671 1
10080 32037 47552 15779 21165 1
3915 58113 36068 149 42653 1
44157 56367 59008 54839 16358 1
29960 35728 6191 54365 27324 1
51270 25923 54515 10034 59007 1
24624 42302 25622 54857 33814 1
27026 33319 57082 24778 45689 1
10286 16278 34922 54412 31348 1
55401 14876 50460 47097 24691 1
33647 45447 10 24948 24058 1
17278 35581 47775 49908 53958 1
26686 38418 36607 36621 55291 1
17548 42649 39343 14002 53985 1
6852 23410 42983 54549 52100 1
50678 27784 7543 19399 55029 1
25580 18603 16499 12697 1968 1
4085 20139 39500 50247 5895 1
37627 34451 51542 47551 16114 1
58874 56919 31945 40568 33068 1
20114 12702 53839 56202 484 1
8587 35248 18445 14971 57008 1
42484 38369 4507 46094 21143 1
9794 37874 10828 38389 54874 1
43623 46205 48993 26264 36542 1
50324 58948 41438 35304 45052 1
36915 13723 39472 37139 21888 1
20426 52171 22822 42844 40274 1
51548 20218 22641 36391 6744 1
58387 23589 19335 22355 27857 1
26506 44323 6515 12083 13008 1
19560 31907 56683 13155 57805 1
17552 5683 34342 33737 27414 1
44576 38752 34552 5078 17524 1
34746 32333 48118 56981 1634 1
47449 31723 39641 505 29090 1
24929 32378 34822 44152 44891 1
49681 18142 40152 18029 22805 1
36033 39997 2397 32119 27847 1
54684 55634 33482 59316 14262 1
38851 10325 50954 44471 2173 1
32548 48735 46649 54472 2192 1
6783 52884 35495 11866 38159 1
15035 4507 21945 31611 27094 1
17350 37585 27060 27994 31611 1
23254 34858 20897 6645 38856 1
1608 44828 4685 29146 18910 1
53201 5498 53396 3543 2621 1
20426 16506 1652 50871 13121 1
19732 11032 39358 55019 9272 1
46631 17912 38680 57251 21285 1
30857 14487 49838 49955 58957 1
9930 14201 25835 8693 47667 1
2086 25767 47559 55566 30914 1
32953 58496 16911 6167 48746 1
56628 51322 20064 8271 56971 1
24726 56070 49354 10562 46736 1
3451 28970 43736 35431 54192 1
30422 6078 42205 53010 28263 1
1137 34746 40280 8511 35921 1
30256 52305 38109 57892 12412 1
36060 14980 42878 53234 22198 1
50610 44767 39853 38677 36021 1
59905 48861 22063 26688 20758 1
6976 23279 37219 20109 38613 1
47129 50034 54610 31596 27908 1
2371 40568 26946 15036 40105 1
17918 29324 21432 28325 23331 1
49072 57389 22756 45982 812 1
43044 15846 7426 19947 59047 1
33716 40728 45932 20293 56628 1
39581 53245 58271 40317 36991 1
1430 8195 24179 18305 33458 1
56511 20099 25156 54343 48002 1
30311 39343 45633 43610 28500 1
35221 45572 27375 29121 57595 1
37544 22312 25194 21257 19470 1
10528 59117 15937 26026 9605 1
44606 56378 15366 16266 17734 1
39916 23167 59430 48653 43697 1
49162 23312 8838 16097 24298 1
18791 29686 14817 25142 1098 1
57937 44471 11044 22593 3756 1
4868 45611 24013 57104 10215 1
52177 40927 8319 1122 47407 1
23781 38969 39811 36416 28333 1
15263 4621 20916 39451 9262 1
5751 33160 40403 6470 47573 1
51756 56052 4818 12333 12887 1
46480 25248 6880 21004 9552 1
46125 34580 49879 49072 50961 1
18680 42999 31445 37203 36546 1
24411 48552 35479 25072 47011 1
51135 5365 50011 8733 17078 1
51464 17822 22218 54115 7129 1
13532 19834 14854 45663 6087 1
13496 234 33816 37357 56318 1
48915 39021 23950 2732 19106 1
23712 57854 23275 57522 37671 1
6290 56475 19273 21814 51181 1
48671 54175 16867 35248 9981 1
45137 18606 53389 12856 21880 1
12385 5770 5320 13628 25500 1
48977 47097 23764 36337 10902 1
38722 56285 25258 57229 33360 1
22423 41711 44853 41155 36251 1
6493 49290 3512 35720 26688 1
49545 20722 2088 8051 19330 1
55171 47537 48438 1721 55234 1
22159 47594 3390 14535 39068 1
43174 53735 36621 22887 15016 1
48351 36091 52267 41023 8030 1
38835 28845 33814 27649 26625 1
54826 9142 13918 27293 34232 1
56818 41301 23716 54220 33223 1
45192 3197 37744 7144 25961 1
21310 26778 9395 33465 42947 1
64 54123 45012 38171 34219 1
4443 15553 42553 29765 51228 1
41506 51433 36610 4648 17263 1
22448 45533 11488 24192 36280 1
57071 39950 10599 2384 51562 1
49962 19811 58176 13671 25648 1
45276 1071 45478 33932 8197 1
18951 9170 38146 10280 53053 1
13288 40924 58735 23978 42446 1
57822 22886 34395 40156 39049 1
20582 37890 45629 12514 31936 1
16178 49257 42426 11112 5652 1
23125 34497 28163 42375 21994 1
234 23660 59464 24499 48421 1
47763 54088 40252 12816 36980 1
44791 40251 28744 27588 45663 1
45075 31489 37810 26648 15966 1
56989 19772 47252 31621 19740 1
34014 3625 26298 39333 57795 1
31786 31871 54521 53456 12373 1
41293 3221 10215 41954 48643 1
27510 8823 36443 8780 43232 1
37816 1228 59204 12489 34109 1
53958 13319 6530 39000 21860 1
28062 51055 56768 33016 53191 1
7022 27197 55184 43816 31684 1
26096 51548 58887 40137 44935 1
3033 50855 5492 19375 51635 1
55895 23667 19181 7944 35886 1
7972 51823 57568 8179 36638 1
14352 56863 24569 2397 4057 1
26907 5028 24602 29512 30811 1
35636 12574 20117 44186 34126 1
46736 55906 14870 14027 14526 1
6865 50147 31573 50702 55996 1
19884 41462 48160 11715 19668 1
38270 52532 21485 37990 21591 1
54516 741 38436 23677 55410 1
45272 13631 5975 36504 28817 1
48495 24963 52260 35143 56623 1
21191 37804 24777 16951 31990 1
40187 8587 20049 31503 47180 1
29931 47374 24782 57205 24735 1
1850 54148 32684 23011 749 1
46736 56246 3965 49906 40836 1
23614 19446 49943 29384 18461 1
52088 15779 51134 20739 55578 1
59122 54226 55805 11981 51669 1
8544 51621 52945 3470 25410 1
36434 2812 47719 29983 59998 1
11518 7347 24715 27054 34395 1
14571 16607 11550 44828 30593 1
44170 41854 22778 14241 21729 1
40134 24715 28056 9346 38678 1
6574 11501 18680 55484 59316 1
55381 33011 45978 30096 7351 1
32569 1229 22216 44009 10833 1
37744 30271 55264 55234 21667 1
48193 31765 52601 30488 9410 1
55425 19746 39217 2025 50695 1
46367 27140 50024 18253 53389 1
5546 52304 38348 57418 24788 1
53150 33986 10193 12205 3750 1
3227 25262 41075 10159 7864 1
19793 44720 11002 32103 37499 1
30464 55111 57039 44327 34692 1
48423 59643 13323 34342 53744 1
8729 40782 50587 33801 23010 1
2809 56387 30977 18324 36624 1
36817 19975 30287 8743 56243 1
30170 45132 53078 29523 5397 1
33047 23107 15739 9820 37744 1
7440 54224 17414 52497 52300 1
49139 1815 4168 27665 20105 1
10176 46653 16880 5498 45883 1
17023 48354 17715 19721 27204 1
12044 49069 191 22822 12532 1
11422 44327 21227 14904 8832 1
54360 2163 11534 1261 29730 2
20136 48529 26851 1338 14880 2
22010 4703 10253 34951 43812 2
9199 5332 39330 37001 30074 2
42171 48850 9468 37463 41643 2
18651 51012 3829 59672 54304 2
42846 24726 37933 52974 2639 2
5401 39575 33222 35321 56502 2
9044 40282 58298 36766 5962 2
7078 26698 50362 12802 5324 2
10641 23049 51660 52115 48351 2
45105 58356 26947 31701 49243 2
43564 24208 37514 42183 49804 2
35602 8483 57466 9917 53958 2
53638 45252 59122 17623 35639 2
37445 18868 34295 27916 37614 2
33089 34557 59757 7654 25811 2
35351 25911 54762 21069 31146 2
12682 56367 39158 5407 7425 2
7394 8003 35791 7824 30578 2
10554 46004 5009 48365 46391 2
46223 27146 54824 10655 34154 2
29506 54769 35057 59184 4244 2
23833 49486 25905 29292 8364 2
47725 42347 17996 13354 54161 2
40139 18916 8725 29021 45741 2
30541 9638 23157 47421 18886 2
35613 46154 51538 50307 55427 2
52914 45748 2241 50126 53933 2
56812 22024 2447 14967 22878 2
57513 25413 28161 29220 473 2
15016 11945 46752 54114 33176 2
6175 11615 51790 2594 7875 2
43545 17627 31411 34780 37499 2
28247 12985 30379 25707 59231 2
26907 46908 49071 7376 4704 2
13388 12985 51256 4170 55129 2
6620 22407 36736 54205 35134 2
39997 49839 36610 34320 22562 2
17995 42170 9573 28589 35617 2
9323 23488 55599 55492 48821 2
40487 43300 54936 25442 3992 2
18358 32845 49254 4545 600 2
17366 24936 17342 11150 21221 2
24310 27167 10188 601 41439 2
35633 14970 10449 31664 43663 2
57653 19048 41418 46202 54993 2
29250 6055 32990 3526 36111 2
1648 38053 6751 25855 47559 2
35500 47345 33468 58229 52737 2
34711 24073 9346 33520 1752 2
26726 14269 50916 38104 56782 2
30057 7632 36081 8925 20099 2
36075 48462 33332 43666 6357 2
32894 25561 28121 18465 27622 2
14509 6194 42008 52299 9262 2
43523 41931 16490 28940 29054 2
59676 53089 12754 20003 8683 2
12667 21267 16496 14430 49644 2
12699 53991 6401 14641 51649 2
41198 38508 46609 47832 37185 2
55660 46652 52915 51949 51682 2
26780 51615 26201 12542 36461 2
5486 38819 36634 51643 25026 2
23025 48756 4522 29127 41835 2
6270 25783 38313 37392 3053 2
5094 30281 24075 6560 53077 2
7941 50406 48902 41818 31981 2
38236 47898 45556 3338 37313 2
47083 53396 15934 26656 49629 2
39544 41489 12283 5250 37203 2
8357 28636 58653 7249 41669 2
53257 14765 3432 20960 58121 2
36309 36354 43672 43026 50463 2
13147 30203 30618 23286 32108 2
33982 27841 55508 49259 4343 2
51899 53372 27743 5515 27146 2
8314 46118 55613 32121 23521 2
20823 59394 54063 49496 12251 2
27649 6598 48133 54650 11592 2
29123 25561 53839 57170 54557 2
32600 11327 48989 57986 7374 2
25656 45906 31443 52666 27061 2
10809 55191 57803 55982 43278 2
8018 53254 55217 35099 42429 2
29767 1533 30094 25456 14889 2
17585 28318 40450 16280 18727 2
11170 13359 6733 24522 8602 2
41650 44309 43285 3166 54398 2
27704 50599 11488 49140 31366 2
13302 13346 15246 56601 51699 2
13783 59116 36248 3864 34014 2
29965 55347 59018 19825 36671 2
50217 23612 37211 19509 43747 2
19935 25640 38830 16495 30733 2
55722 47041 36424 38159 23207 2
31781 41552 43279 34804 13505 2
16529 49607 11617 20701 4342 2
52482 39792 31002 45585 8674 2
58442 42404 10035 23860 7183 2
13202 22796 37193 42182 12697 2
36277 7459 18379 37246 29105 2
2238 34342 4375 32779 41525 2
31203 19887 32046 7173 31297 2
18597 2395 26278 8481 58703 2
53200 27803 12634 12056 3116 2
23652 39103 56880 12117 57834 2
38830 37169 50434 462 6406 2
1590 21267 17697 12174 45019 2
59601 50107 43341 35044 9352 2
23889 19611 24702 10312 3902 2
19715 34743 52672 51586 37915 2
5294 9659 41036 49162 43905 2
1384 52140 42313 47289 20422 2
58965 12473 24190 35500 139 2
50986 29457 20045 47057 34592 2
15548 54368 55028 7426 43599 2
30125 5432 43214 44571 42347 2
41858 45848 1765 32423 38906 2
3832 52454 32140 31063 21397 2
1379 29432 5947 28559 20377 2
54179 51374 8747 47978 27350 2
11206 3663 29384 44867 28047 2
52582 14933 55935 38389 57232 2
39793 51657 15138 10939 5116 2
58767 37924 3219 24082 16871 2
3624 16513 3686 26028 25713 2
42337 33057 45040 39352 20919 2
3097 53238 15846 23955 29799 2
3943 54025 27301 22499 10029 2
30571 36164 33167 36388 31934 2
28148 15724 41368 56536 41073 2
30700 43186 21959 7223 59585 2
35178 6739 35653 49824 14896 2
44831 24627 26609 8674 6475 2
27139 54471 24271 25440 36915 2
49495 58934 35271 13845 56593 2
36787 29287 37067 3526 59526 2
29449 50986 36066 23020 52701 2
4791 6359 54910 52156 33789 2
30157 42838 55550 13856 2639 2
11681 50292 55693 36348 2842 2
11032 5413 19661 53116 30386 2
30081 31891 46839 2687 49773 2
13204 55626 37228 30982 31076 2
36748 6717 47246 11568 43468 2
30150 33043 25932 53186 22961 2
20675 9560 2167 15581 41253 2
42509 32141 46461 9495 22057 2
21614 57708 37034 17933 50297 2
23928 57160 40333 16560 9893 2
11866 5983 37366 14318 58605 2
36846 7640 55909 26444 54973 2
28814 58229 5733 45151 45000 2
24355 24601 12882 58477 58158 2
57602 52527 14445 30190 41912 2
18575 10284 16821 12141 19543 2
40763 2149 29982 45496 47203 2
30633 38851 45297 11420 50166 2
7463 5508 25622 32909 58810 2
58898 39651 43788 34113 34024 2
47283 6259 10981 26243 52554 2
6473 37256 38752 55713 42454 2
28561 10372 45252 52730 48454 2
15046 10445 35847 41552 4947 2
10897 43106 12706 25096 13738 2
13320 26744 58150 19062 28674 2
42579 23512 6865 20726 16303 2
52287 45218 22763 10972 51415 2
24817 50448 43730 8217 41981 2
52793 13931 48735 47875 13302 2
14694 54182 51160 59123 49776 2
27736 46563 3637 2403 6551 2
3992 52821 47651 21958 53323 2
17650 47140 34593 51286 52260 2
2523 41486 51602 44734 24074 2
52857 24986 40176 20687 56364 2
33600 24424 37614 6148 56285 2
5353 12957 36457 34401 40249 2
38555 17310 28312 49781 11983 2
25790 58874 26473 28613 32955 2
11475 30977 42299 46392 8929 2
26365 19973 38789 10682 22220 2
37212 20520 12275 8514 4247 2
24339 31949 51017 34603 20542 2
13835 26998 47466 59116 25929 2
15881 13779 41490 42949 38563 2
41205 25562 40858 2033 7766 2
32466 41732 37927 20055 18177 2
48086 29194 3937 4247 23516 2
40663 49245 53913 54999 38964 2
23695 44662 656 8641 35735 2
11744 22216 59590 30096 33562 2
30593 3722 33344 4611 47148 2
46231 16564 30280 45607 23764 2
6248 32050 42077 37264 45169 2
23231 51272 55586 50231 9994 2
10850 8265 32539 30645 27959 2
46059 30090 12001 16624 49462 2
42470 33208 41048 3543 3727 2
3255 12003 58507 27428 39129 2
42635 37816 12395 49732 42354 2
11714 27129 50797 26312 13558 2
32451 50699 24534 48852 27675 2
42312 41913 43711 40459 58099 2
46268 25014 39484 1390 30243 2
27406 55348 8798 34593 47956 2
25271 59483 56231 51983 2238 2
49152 39326 22329 54032 47772 2
47465 19217 59147 4272 47933 2
39769 14134 43674 51963 59138 2
50702 31432 12256 55765 20442 2
2698 47307 57614 9237 15940 2
1590 36436 25869 34810 12584 2
34321 56391 17103 34081 41507 2
50256 39233 59570 5485 58009 2
12080 42594 17038 46147 26946 2
54423 39624 43162 31448 25921 2
14387 38052 44379 28492 44808 2
29589 55466 59122 55955 52972 2
56647 22215 50466 39916 16368 2
20381 22967 45841 24721 18996 2
24869 23805 57967 17038 56840 2
57694 40764 26173 39732 29050 2
46299 59140 22545 24169 10312 2
47276 55362 44484 31649 32569 2
28744 12191 24388 3519 23677 2
58583 6750 28700 36622 54079 2
21672 39576 17860 16683 44164 2
22328 46237 57031 22736 12009 2
8773 51035 48399 19811 20458 2
4252 54822 43616 18680 52558 2
19719 4704 8168 34273 27373 2
58899 39292 8560 55664 11170 2
413 45572 12936 33777 53545 2
39446 39705 53235 16691 24125 2
26468 23923 53128 4929 7285 2
53770 47350 19668 43822 59331 2
3233 14526 34684 14588 3074 2
32987 40873 15596 23837 3143 2
898 24483 46785 49842 9008 2
27798 23478 37703 52825 45053 2
43679 40756 11752 41397 38668 2
22559 16001 9441 27225 13387 2
59906 37944 53392 21737 58912 2
15594 1230 27915 24224 46773 2
55184 16447 14944 50559 52648 2
33595 35526 42313 27139 7541 2
33176 55141 8166 15569 11774 2
39435 26812 20993 555 21586 2
31936 19856 37059 21993 27332 2
25126 47828 59224 47237 1068 2
21615 53883 29599 57051 19689 2
5050 54587 10314 38565 25473 2
13093 33559 56502 41193 57880 2
25665 56387 9823 52235 24224 2
30178 50378 18386 18462 11733 2
39771 13191 37597 50127 30667 2
34416 57739 45533 38983 44114 2
54353 18217 20453 55754 49027 2
7199 43199 36982 43352 57567 2
30206 6619 46598 9773 5243 2
44920 41732 16971 47229 43943 2
12199 13531 27140 42754 36607 2
9405 55728 17397 58762 47916 2
40175 7975 42555 36782 4589 2
37480 11110 42171 34395 37804 2
46567 4836 45896 38373 55331 2
25529 59305 1814 32686 21015 2
262 18356 47761 6159 3727 2
35117 28705 57367 5355 44459 2
5365 6083 39058 2620 23656 2
33852 14848 11375 52840 59820 2
52917 34793 31172 31869 37015 2
31188 31265 6486 56137 54201 2
44274 10779 53615 28825 9553 2
15099 44086 32692 43389 10320 2
59598 18631 276 2000 24483 2
38249 55367 58958 45132 35105 2
44276 31625 18986 20453 38076 2
28681 13360 22857 15955 59451 2
9818 2745 54394 34753 50402 2
1288 20348 17463 5707 8220 2
48876 2830 36975 49259 55206 2
57527 4340 20676 3911 33516 2
36323 19559 44309 18116 4550 2
12224 42049 23812 19331 59959 2
47488 26362 47463 49288 55239 2
26568 19760 25121 11723 54108 2
42812 18605 34223 24880 23058 2
4966 45748 48658 14933 51787 2
55620 35360 45696 40776 4138 2
28537 52614 55278 31713 43685 2
26350 56919 34578 33986 12887 2
25028 31089 15243 44752 39210 2
19925 19043 25079 58121 12497 2
38329 4836 46257 34298 34593 2
46068 43493 11270 32202 20497 2
21069 17026 27215 53162 6892 2
37224 30990 7932 43894 59460 2
15129 4648 22552 31145 55382 3
49627 49513 3472 6061 14958 3
48495 59246 54923 45906 18292 3
39710 16680 27427 24063 1251 3
17399 15116 9484 39847 20052 3
56990 49764 57509 16827 32953 3
19811 45342 26507 23468 30407 3
37462 43735 53480 29859 25442 3
21615 30024 42791 40123 37435 3
8008 59037 39000 26394 16747 3
30980 24925 33129 4048 46477 3
18418 12143 1311 21623 44746 3
48118 46862 59047 34691 24735 3
12662 16282 26356 19041 31660 3
47125 20284 40358 44529 53388 3
56131 27975 21340 40163 59149 3
52497 39547 38139 13234 28165 3
14036 11413 59085 44249 40334 3
14521 44546 52844 4744 43122 3
2725 6150 54621 4330 486 3
34137 12036 51626 18497 5990 3
58109 12554 776 18229 40867 3
37770 30645 5374 50597 52059 3
54845 50509 39825 54029 39297 3
1330 506 43703 45648 34142 3
1100 1396 42909 59168 23025 3
43895 22807 1415 41954 57450 3
54883 35653 14816 8596 7830 3
43050 12842 19925 15281 50553 3
43243 21310 28296 22209 32967 3
6535 31168 33788 38061 46661 3
20239 56904 19093 25035 55919 3
6515 53315 53556 2719 8018 3
32467 31628 30179 45726 38339 3
4513 52548 915 57382 14695 3
6688 41346 35979 52656 27406 3
46730 7670 43359 3456 19003 3
16844 56561 45797 39534 21404 3
3806 6488 56088 23289 44451 3
46319 53612 2754 14817 25961 3
1288 17388 47546 11496 58318 3
31778 6402 23783 12795 46340 3
19130 46796 32291 55649 43634 3
27299 30676 11413 56559 59227 3
6480 40503 27695 4818 8637 3
36177 19660 6302 28223 49640 3
50331 48319 32976 26120 2437 3
52221 21619 36334 40915 18184 3
29365 45568 30979 34705 15627 3
55894 48290 54332 31410 7111 3
50633 24489 19598 58335 6421 3
7017 21168 12583 31646 58348 3
51667 12583 32320 26096 29970 3
8576 7849 413 25327 35877 3
30038 21323 8283 10684 7575 3
15784 35674 36199 46052 45728 3
42720 32754 8349 2149 7297 3
29232 45556 7583 49157 48580 3
26876 30764 1099 24496 34295 3
32144 6849 59467 45227 20053 3
47180 42162 13999 56205 31458 3
14592 12141 22084 25085 21225 3
40694 11909 5550 13789 34996 3
22717 34955 25014 38945 6571 3
29991 21279 20383 59112 50927 3
41323 48182 50706 16237 36822 3
9325 11375 24227 522 31568 3
26587 50576 30360 26335 35486 3
27772 35701 53304 48259 11051 3
25060 25738 49873 56787 15992 3
39576 25915 14721 32912 25585 3
24191 57213 51605 40578 47569 3
20024 26989 29996 23100 32448 3
30048 9882 46340 15916 48716 3
44839 14909 56069 45192 2260 3
59568 37085 58062 17236 36377 3
24190 56556 5739 32818 55285 3
40358 11139 52311 24031 20434 3
21319 54300 12127 58404 35095 3
30162 6126 36243 49189 39683 3
48012 33382 43855 41008 56978 3
34764 43980 3205 29873 57707 3
43953 48182 52214 6874 9194 3
21004 53603 54408 29664 13655 3
52967 50779 3911 46547 52669 3
55402 53167 33068 26567 35692 3
9248 881 8699 21844 18379 3
41982 42564 46099 47854 56177 3
46437 17648 36791 31126 32500 3
37226 55866 48376 56627 40438 3
11948 28567 2070 40170 8415 3
23459 34557 7121 9285 59753 3
11608 27928 25725 28566 37627 3
16509 42820 40176 28891 39323 3
7873 36217 59162 57064 36458 3
26440 5608 25042 3952 58206 3
9338 1935 27500 53414 9497 3
55380 13520 20114 41719 13791 3
44635 13872 26504 46025 35402 3
38360 18562 33723 51541 14581 3
15685 52765 54114 34773 32891 3
2496 50414 16496 37093 48003 3
34486 32273 387 57687 17097 3
17430 22079 57567 5283 47450 3
8923 44024 15703 29225 26845 3
15704 37857 9886 20802 55113 3
39436 43950 52681 25875 48443 3
32213 49800 32642 48237 9593 3
28836 28159 37926 51221 14256 3
55346 57784 24424 50349 47816 3
7041 54657 10885 25857 9896 3
19023 24284 9419 15427 31063 3
56603 11295 41309 32230 34618 3
49077 11575 47374 30641 35063 3
15390 39226 51971 44096 56812 3
53116 13695 45616 13711 40444 3
23804 12240 14840 25159 37323 3
50508 4396 29560 771 39942 3
10944 16319 30695 45390 40846 3
53265 41245 34013 55936 40613 3
34401 58073 36748 40369 14437 3
7242 45675 2534 18142 23152 3
2732 23045 18606 44742 22960 3
13898 36800 46712 39904 44429 3
42028 9152 47318 9178 22506 3
44484 30144 43831 3502 58941 3
36592 44903 17411 35248 8666 3
53623 20883 24869 2775 37114 3
20811 28867 7191 36333 9484 3
19776 17737 48460 56262 29187 3
58206 50034 51765 34393 14307 3
51097 11370 17364 16535 4950 3
46013 29038 43653 23497 49185 3
43508 13973 26626 57708 24275 3
24057 47318 22024 42286 55469 3
8165 11863 32989 5290 23000 3
53485 10261 57441 10701 19836 3
12656 58130 26698 20556 55483 3
31285 39436 11875 46688 51585 3
22083 51345 34326 31349 36438 3
6246 51820 7995 33543 42352 3
22895 56907 29513 37585 40150 3
26202 47123 231 7533 59912 3
38023 51892 54023 57096 29508 3
5136 43863 32873 17331 35555 3
17707 39855 22267 26577 23502 3
27979 44280 47481 11458 46770 3
39045 28496 55957 3951 3747 3
8133 51018 38097 1363 10019 3
13631 36525 37747 53 34373 3
16979 56526 10696 52989 24746 3
12503 22958 8204 53388 30099 3
20723 7031 29668 54673 53121 3
13775 4230 32935 50988 25077 3
59559 57030 18731 34468 53794 3
7423 57653 7656 92 17837 3
39529 6466 10701 48852 19120 3
42627 55569 36926 900 602 3
56990 27537 9682 35019 56694 3
11550 39577 5853 18236 31853 3
7344 59871 8251 8347 25845 3
30715 24770 12004 30554 11199 3
52830 55658 11426 5772 43518 3
46293 665 49705 53200 14224 3
36393 29239 59243 16967 51177 3
11978 34195 51079 56558 36640 3
18116 7025 8127 11731 10426 3
48653 59881 30695 29287 35520 3
25147 12205 20500 22813 53042 3
7334 20580 45611 49389 48766 3
59138 50003 23612 56627 2256 3
54279 24734 16363 43088 49797 3
41902 15966 31224 24757 52777 3
4871 20223 41245 30833 9805 3
19178 41625 52214 48190 5736 3
42828 1046 29732 26099 11537 3
30888 46950 34817 30078 45264 3
55784 13683 37867 6398 1405 3
47561 5630 1071 20778 18240 3
3374 5041 31769 42271 23626 3
51422 58221 41468 34409 35053 3
57285 33318 6861 52434 43362 3
43442 50472 12682 22847 7293 3
25692 6396 41316 17239 13364 3
43343 26126 32419 47503 51868 3
53191 55985 52931 5803 24638 3
57137 35222 59781 19910 4676 3
19427 7143 36009 9285 36527 3
50721 49507 4563 25622 54480 3
53940 13881 9626 1074 58054 3
12009 57429 1061 14212 40022 3
28750 42928 43074 59109 20544 3
14382 30892 10666 21251 10309 3
2428 27798 35520 22751 42481 3
5301 21784 58364 47638 51876 3
6268 40952 37600 41988 28685 3
4957 41021 46811 13136 30196 3
12371 21578 8683 47320 55370 3
59070 9354 18868 42446 234 3
3600 942 20668 3782 39244 3
29957 31621 12236 14155 2942 3
45379 58410 54059 34837 17971 3
25827 20583 33390 59068 25643 3
22464 6315 47052 29778 10115 3
41525 55293 4331 14174 18670 3
42378 3747 33179 5797 37346 3
23249 24723 27104 7495 44727 3
36769 640 30633 16591 23129 3
45551 24948 51579 20468 38328 3
29461 48733 39743 16236 44915 3
20364 12278 504 32911 1933 3
19469 43781 27756 52320 56648 3
790 27578 125 54188 30064 3
59601 25500 8375 16873 43492 3
20146 34780 40625 4991 11388 3
58346 22212 7583 3589 18540 3
42645 33093 57399 31120 36847 3
7324 47952 8167 41732 10744 3
52150 31467 6071 48735 45866 3
5167 36045 53924 10601 19727 3
23136 21643 26133 32692 57626 3
27021 26240 36472 22375 19740 3
6203 17195 11453 47359 8770 3
13384 8475 12952 36265 38595 3
26049 32587 9721 44608 29509 3
17053 37392 24524 38277 20990 3
10188 7364 13027 56079 25261 3
57949 57067 49880 3548 17100 3
27128 11823 7423 58267 20542 3
29551 32920 42235 4023 55658 3
24954 21945 14406 2621 32367 3
37376 44962 45558 20688 7619 3
38360 8924 11714 10599 975 3
5459 18717 10471 16415 33137 3
30511 56516 51406 52619 7320 3
47826 48301 21493 6218 1836 3
5703 16864 52767 36703 10413 3
7885 26567 9853 3566 38254 3
4150 14505 46333 34863 59417 3
32626 40798 2431 31839 55849 3
35304 13683 29364 17949 15543 3
22773 23377 37026 11839 2900 3
50337 51009 50810 19549 53272 3
24225 41221 34210 44553 39576 3
5402 7216 23010 31621 11551 3
33654 15899 52490 43187 20650 3
51631 44663 1645 30547 58369 3
28630 39722 44611 39007 28515 3
46525 40623 26644 32202 22415 3
14195 2233 26300 49223 18259 3
2428 23486 4732 37937 44082 3
28524 47326 19718 13203 8805 3
20560 53557 20377 22133 44434 3
4641 18469 46486 32207 29496 3
14403 14635 18926 48790 26284 3
56997 28608 48770 2409 57643 3
57614 29142 45864 46327 11642 3
45470 15934 40429 43839 24560 3
13881 40888 3167 7785 4522 3
19456 49426 17443 1723 43843 3
39489 55 26569 50414 16870 3
10570 28188 58763 14661 25980 3
4973 1850 11750 48203 57949 3
11299 8943 42727 30005 6376 3
31195 57551 53920 32882 48295 3
8867 27062 25121 25881 10931 3
12407 59993 36239 52698 40286 3
53493 26194 14463 57882 45403 3
57140 49992 28488 17845 54443 3
48609 14942 31268 25237 56219 3
24184 11179 14065 59761 127 3
57739 47191 31213 46852 2687 3
15306 49820 26359 50251 17647 3
52257 46705 8787 39953 12268 3
27469 6751 20136 27788 26476 3
13965 52355 7228 57931 54553 3
52687 59693 27840 37056 979 3
21013 16729 20675 56598 5449 3
29069 21255 9393 58823 124 3
4283 31860 35327 34727 13836 3
34413 39738 31578 29251 44795 3
29930 8624 39710 46769 53098 3
56153 18675 12803 37250 6252 3
2812 23398 1650 25579 21597 3
8831 6270 28453 14619 29969 3
13396 59969 6087 45346 8195 3
28019 48943 49976 40170 57749 3
2539 34644 53883 12988 49864 3
35902 13532 4382 8885 27469 3
16363 15771 34016 56904 45683 3
58999 59747 44323 22309 54328 3
23199 24855 18981 8455 4020 3
31305 46146 45152 40927 12730 3
4868 30135 272 34364 7108 3
23379 54554 51181 49314 39657 3
15914 8522 2159 17540 14665 3
52148 24496 7011 39210 9687 3
25442 33016 38983 40196 53807 3
21992 7421 52851 44571 30908 3
15588 29609 30445 30675 14800 3
35944 3642 22135 36379 38418 3
20867 19121 21248 46607 5457 3
12300 57311 54292 7837 7444 3
54400 28659 44320 34413 48515 3
18791 45638 5159 30902 42999 3
34804 44590 56129 38189 47229 3
19874 39464 23772 6381 32832 3
58653 2822 40603 46095 41823 3
47227 55571 50581 12040 10219 3
37189 14787 13877 17399 15307 3
11031 3566 35099 6650 55849 3
35072 16682 51322 12273 48977 3
21762 26372 59444 5618 7191 3
32060 45743 31737 45665 27024 3
21841 43262 36831 1124 57367 3
51270 48446 42308 34762 9424 3
34308 12435 12786 46618 47618 3
47187 8168 9229 46265 8589 3
23721 43308 28659 34157 20906 3
31907 53737 40197 47183 49521 3
39139 3087 14286 23066 33393 3
11758 50335 49506 55624 56638 3
33462 3162 31570 26563 56871 3
20078 4089 39401 21248 30958 3
1722 27190 24860 25677 23452 3
40999 56834 55993 8692 18181 3
11290 24636 35718 25760 22600 3
59709 33446 49772 52722 7783 3
15867 36612 16844 33833 39939 3
43036 29807 4522 41673 13177 3
5501 25679 57994 41813 33407 3
11866 43134 46959 2468 14854 3
15313 16607 4778 19819 2825 3
36740 4168 30099 57949 15873 3
22958 30806 37275 41457 32795 3
52427 10484 55837 2655 19994 3
30958 40755 48902 37029 14030 3
39326 48399 44575 28952 28536 3
14194 21436 56544 7364 22665 3
2211 32121 4428 13422 46194 3
18079 18421 53293 18630 55342 3
16975 21271 53735 33893 42171 3
1682 56105 720 39391 10633 3
53373 14818 48856 737 18506 3
19997 50078 25353 58318 58042 3
52884 22690 34009 31110 29049 3
38030 20823 18190 38800 24005 3
55658 43360 51307 31721 48193 3
8982 554 42084 54572 29829 3
46198 53373 48182 50399 22508 3
24928 56317 8703 39890 5153 3
26981 22901 52758 26957 22949 3
20694 53839 58118 53341 24934 3
14963 12234 42503 20293 4745 3
49472 32349 53780 26482 55765 3
12219 58928 2074 54030 41064 3
23464 21540 34633 33485 32190 3
2997 48150 58139 46181 15750 3
28572 59637 58605 18570 56115 3
43871 52585 38311 54641 29914 3
42312 24618 13419 53923 46122 3
15022 24384 7873 37853 10210 3
20489 59270 45201 15157 55894 3
27607 53691 7344 18387 29530 3
18838 25245 33764 27280 30864 3
21618 48093 23341 38320 9892 3
39068 4818 51739 48180 47811 3
50781 5925 39059 16214 41422 3
10153 55619 31758 43474 24697 3
33095 4501 13008 11007 15958 3
28510 33880 45959 37857 12454 3
26052 58750 14967 6884 39286 3
27364 51488 15010 25850 52358 3
4795 416 37366 22545 17518 3
14016 47496 12993 40796 7255 3
10462 50448 34907 51650 35561 3
33410 34449 39550 30632 416 3
3325 43185 16691 59879 31051 3
1144 26686 43616 15130 1530 3
55366 339 51841 21096 18075 3
56815 28677 25885 10858 8266 3
30638 40708 48598 24331 13138 3
5745 3764 24915 23077 37768 3
59687 42754 48407 43029 28013 3
35938 56094 10877 27485 39520 3
29564 15797 12983 33591 1675 3
18868 17946 59558 11511 16841 3
1820 47794 41434 14031 10426 3
29317 58238 53602 3143 30893 3
52321 20308 44526 50768 3937 3
48876 3904 54398 8703 53883 3
1715 3946 56338 9718 34609 3
35849 31672 9952 44280 20961 3
39290 57738 12418 17401 56761 3
56468 51854 741 25085 33779 3
53863 8867 54578 42757 22387 3
51232 49286 57626 12004 34730 3
8442 41326 58646 50592 9478 3
22508 9112 8565 41475 16472 3
49521 16539 20822 43058 16065 3
