19822 46868 8046 28044 55253 0
20010 51980 51815 4115 12553 0
43081 44208 55986 42980 24367 0
48364 5327 44768 30891 28151 0
58553 8809 7710 38663 33020 0
9101 49739 43961 24985 30624 0
43811 55785 36351 51598 38483 0
19080 40038 52429 18563 27893 0
46905 25159 56868 8129 6629 0
10916 47860 54844 53536 20658 0
28771 13734 43129 15759 40039 0
28546 6857 44045 11428 8187 0
24807 27806 5194 17245 36272 0
6832 22429 28325 7254 18073 0
19504 16961 36848 7018 11920 0
47150 39612 34555 29311 29937 0
9018 28818 35408 47386 6302 0
11026 88 21573 41713 45066 0
4804 51587 40479 3231 1179 0
26623 29497 22152 58584 3231 0
39279 10145 21736 21703 36509 1
39017 37543 36646 21766 24368 1
2975 8430 56870 12550 42131 1
22432 28792 9530 53814 36537 1
42637 5073 32158 46919 35853 1
44743 34480 15536 33108 50157 1
42389 52586 57197 13006 13006 1
48284 33848 9194 5228 59768 1
24222 31592 51215 50235 54980 1
43406 31764 59452 29849 53117 1
8648 23413 24267 29052 29515 1
7752 3155 6226 12743 1502 1
48175 27201 37116 25414 13711 1
11574 3509 21715 63 54459 1
58386 56384 33440 53118 27462 1
37854 25302 21215 4810 10145 1
47407 55939 14509 52105 35831 1
53980 50617 31425 10750 31420 1
32528 41454 6116 21357 37926 1
24661 55967 32229 21394 54552 1
29522 54121 42279 3516 23970 1
59705 54414 14509 52320 36484 1
53747 43615 14656 738 59256 1
5840 7806 14564 26923 14879 1
41696 18541 45782 44796 53610 1
59541 18546 48679 7138 41600 1
39975 6554 19786 36537 39628 1
38099 53747 26968 4655 58368 1
16415 37837 30929 3418 30171 1
23662 9196 44696 211 30117 1
38744 35395 40895 7846 13514 1
48956 38449 48679 55556 303 1
8527 20177 17129 46114 50774 1
56942 5732 37303 17394 41649 1
27124 3226 14919 8989 33789 1
52955 31350 57418 11579 24136 1
53928 21771 12168 15318 5644 1
1700 57714 16278 31567 12150 1
51372 22627 26531 5107 19742 1
46416 48830 38835 49592 4607 1
7472 15901 32098 40119 8160 2
47553 5908 8116 24717 51533 2
41836 633 40504 29819 52548 2
46303 38326 55338 44448 24175 2
28502 25312 30847 51569 51726 2
27023 1595 7532 46935 46748 2
35525 37120 1321 24010 16654 2
48175 25732 41443 51235 37844 2
17928 47603 40851 35651 43715 2
43996 35756 53218 41398 2346 2
33591 2393 14949 16238 41004 2
19671 38652 52221 12141 27620 2
9506 5305 28021 57494 21800 2
58768 21911 27961 39106 10204 2
45359 38886 26341 38208 56189 2
41260 26689 27188 5393 33043 2
33069 3565 18878 55228 7574 2
28546 57303 13972 59472 11772 2
56088 49265 52941 29287 47267 2
4322 43939 46268 2823 18759 2
30255 48293 18097 20100 47969 2
32142 49576 2601 41492 41841 2
13586 30051 41191 24050 36133 2
37446 14773 57509 28646 33274 2
25067 5345 57095 58926 44902 2
31493 3418 28203 37529 42818 2
47113 53657 10365 51037 25318 2
55080 59176 8058 44247 35343 2
29405 32508 40115 23160 33489 2
15121 24848 33065 41467 31865 2
34850 30087 56989 37354 44389 2
29290 49311 43546 13137 435 2
25939 59773 35303 39075 8335 2
51959 9809 38311 42926 4607 2
15108 21023 54600 3286 56138 2
20520 21766 7628 14059 55624 2
14837 7116 17518 45812 27011 2
9133 1796 14853 40632 11526 2
43553 46082 51073 5297 29394 2
32979 24227 30009 13892 41458 2
16139 21971 33392 20613 14589 2
59795 49557 23741 1124 48695 2
27091 4321 20979 22196 21727 2
56469 9570 35236 41169 9333 2
59912 2198 18695 47756 20289 2
45994 3943 20581 46326 39849 2
4140 2377 18718 8895 36321 2
5983 58934 21203 10662 9231 2
25974 10898 23821 673 1787 2
54134 39683 39457 44967 15397 2
57191 47621 8682 9423 22910 2
296 12223 36146 2198 16104 2
17691 24168 31420 54653 36272 2
57091 49989 42612 18321 22335 2
1822 21899 25412 26133 25497 2
37532 10363 28815 27569 44049 2
6124 56252 11661 10138 29562 2
8858 6617 15439 44335 40878 2
13459 34136 41108 7138 41195 2
42795 30969 11404 15614 15203 2
29205 23886 37293 360 11228 3
16198 45666 39194 54083 19713 3
45303 1754 25704 26694 53101 3
43994 48281 21424 4504 23495 3
46246 18044 12901 8228 53259 3
29181 23940 29050 29477 33963 3
50885 39746 27462 24080 10113 3
58030 1769 55567 7263 21522 3
31608 23724 51603 47155 17240 3
25838 10620 57191 5143 21636 3
37752 43013 14552 45855 55214 3
11446 41290 20597 59730 18273 3
1823 30733 34632 45819 29651 3
43547 54831 36085 293 21717 3
49034 27427 54417 33966 9868 3
36852 27205 29800 32746 11275 3
25039 16019 46944 9489 48041 3
52501 43653 37250 14530 23961 3
24835 21775 25683 14589 17669 3
41715 13001 20314 7247 14508 3
46575 28303 33654 19688 40277 3
26597 59643 13156 765 50330 3
39441 8083 22916 14468 5323 3
46178 42261 13193 28300 49131 3
8154 53117 31446 23351 43229 3
6208 25696 16634 3793 27356 3
56226 20349 25210 18389 18480 3
52696 37969 8051 40962 21682 3
15760 10376 22397 53167 5207 3
46782 32129 58457 38311 19950 3
44799 12113 4488 40301 47501 3
23202 21493 2734 9166 35175 3
6500 192 36409 41226 4157 3
14268 48423 48193 9087 50545 3
54214 27095 51808 33953 24347 3
41427 25937 8428 5439 40734 3
52941 50521 20800 34480 47598 3
38547 22443 32013 26800 43854 3
39029 38139 26596 19836 52995 3
10880 46797 10907 57113 18323 3
25538 58173 18206 52654 17731 3
36001 14858 40581 45307 40247 3
11163 10998 18766 44440 39759 3
43366 46143 5753 53388 18841 3
11958 12334 169 31068 29071 3
56602 6530 34273 28006 9819 3
58135 37763 12367 9546 39509 3
47050 35453 26412 14354 42885 3
30229 51417 54353 32797 51905 3
59233 54939 59307 31286 27585 3
21097 25139 44700 43495 27917 3
7253 58277 25064 49670 42324 3
59585 4569 33370 57474 26298 3
25094 22430 52006 22956 11155 3
26224 43967 13415 48904 35139 3
16325 37705 1290 56991 9897 3
7721 7874 31234 17726 45105 3
37946 28724 39461 53407 16991 3
269 3397 38530 27879 9720 3
49454 47384 17618 28755 51561 3
46549 34483 21324 24602 59705 3
41710 47226 10582 36732 52025 3
46414 59326 44416 17518 34296 3
6951 3313 4957 19903 52930 3
28090 4850 54664 4753 3390 3
8236 46620 27462 3709 3763 3
46306 19991 53573 46729 6222 3
18290 7788 23101 21596 43547 3
2675 44121 18845 51555 27640 3
27870 40375 36040 56288 28834 3
6998 54223 2736 39359 20384 3
35511 10849 56355 29763 20237 3
58063 35510 14012 55622 28881 3
1629 29773 14431 12785 50331 3
43153 33432 48722 38056 49556 3
23884 15382 11391 58759 36646 3
28923 33837 41789 38356 17802 3
1048 3230 7874 51798 891 3
50335 5493 30709 29106 24952 3
56241 953 38937 2009 4359 3
