46026 38360 6
34387 8399 7
5624 26238 3
55113 37641 16
31116 3197 1
51325 53457 7
12367 46648 8
28640 23604 3
23004 58601 10
26081 49955 6
25682 39636 8
46838 33747 7
17340 55643 12
6750 41928 10
40950 11647 13
36396 42441 5
22779 930 14
30118 26892 8
45210 55775 9
40061 1854 11
11905 39488 8
8384 23137 11
9452 12016 5
38200 8119 5
9355 31631 6
24377 16834 11
29646 41241 7
34628 38758 13
20691 45861 2
20588 14976 11
35233 20842 12
57201 55321 3
14068 50404 9
30796 6317 9
19916 44320 14
47023 22907 7
24902 2190 13
11969 34315 3
20382 30369 4
6363 2713 10
44576 47166 8
29251 49493 12
2743 18662 9
27068 12029 10
57630 37460 12
52871 4858 10
13289 48179 12
53268 3459 9
45788 31787 5
592 12238 8
31552 10205 5
42356 48446 11
56051 53780 10
21929 16082 15
2426 26981 4
56973 21025 8
53434 58774 5
2428 6817 9
38185 57669 8
49708 47960 6
16162 25958 12
21145 9643 10
34072 15588 11
1416 48251 12
24861 59008 6
19558 30136 12
3907 6880 6
41630 45558 13
6160 48774 9
49943 34981 8
50716 30462 9
23521 55831 3
46267 705 9
34804 21469 8
29323 52039 1
39531 34772 7
26456 14348 11
15677 33662 3
47771 10226 9
53268 56994 8
27125 52349 12
23520 13826 2
1835 53560 9
47134 22396 14
17868 51036 13
25777 5161 13
14809 50114 10
9883 31329 12
4108 38658 5
36307 4200 14
41329 36602 14
37583 52066 13
17800 52945 11
16470 18888 13
52509 29395 5
22078 8825 13
11805 50734 12
48262 21015 15
31287 56471 6
8415 55398 4
3813 5309 7
52696 42620 4
31337 23604 10
19905 31285 7
22860 57470 5
35503 10076 15
29974 35963 1
36965 57857 6
53201 40713 10
19926 15616 10
46532 29881 9
43800 11150 15
37829 52048 6
22200 21295 10
22321 19541 17
33584 59084 15
8954 6774 15
58944 29549 5
40793 49104 10
24942 20980 16
40682 13012 10
44913 24622 14
192 3174 3
427 20054 9
43069 24133 9
18918 58696 10
8984 12378 9
39069 3564 9
24229 2432 3
56557 5558 17
45475 49559 1
34839 54043 2
56463 54155 13
19143 33806 18
4379 14771 6
14355 11677 3
30796 54505 14
38266 50319 9
19578 10199 14
15810 24346 5
35013 4931 9
56898 41021 14
53950 43393 12
36890 57522 9
42063 2936 2
38863 42443 10
58762 20004 15
11639 820 7
20070 41973 9
232 48957 4
13254 51295 7
54255 44459 10
1088 22495 11
21422 47768 14
4350 900 18
29058 7223 7
6760 53578 14
38848 30166 12
11788 43746 4
35996 9443 12
24669 15744 10
18782 45736 8
14219 48502 9
23266 40502 12
22380 32064 14
48811 54741 10
8178 1380 9
6056 20178 3
29229 32936 16
13535 12364 9
55552 20865 5
49094 21526 5
25216 43123 13
2587 28070 9
23231 57410 3
25740 20679 5
8508 6157 10
1847 28294 7
10927 12029 17
4620 27267 10
49986 32815 12
2241 10157 4
50591 53766 11
13118 56746 14
16775 48244 18
11364 44247 4
3793 28167 4
40247 21348 9
2358 514 13
46101 3234 7
36583 19989 14
38610 14299 12
43148 3153 13
19395 39047 16
22238 32447 4
13727 8698 11
36944 31130 17
50360 12093 9
14678 53084 11
57517 26707 8
1588 51507 9
43830 21104 17
3209 3224 9
1684 56883 18
1346 13146 3
31252 51220 11
19824 50124 18
26375 37363 14
39283 8326 8
56062 38920 16
33829 21346 11
55253 32980 7
54832 47172 0
50813 6544 8
59565 6756 15
20469 9427 9
42143 21484 11
34217 43335 10
4134 42975 11
34636 3766 10
45934 23656 7
33826 20354 8
40432 4226 12
8298 10673 6
13129 30218 2
58241 52422 4
31259 30384 8
2896 47550 12
28347 23425 5
56331 24267 5
59782 45096 11
51606 33572 7
51243 324 15
2000 52451 6
24014 20834 9
244 54851 11
6844 54848 5
43523 6466 7
24226 36065 7
28495 12491 15
17179 58149 11
42783 48918 6
53876 31997 9
18620 21977 8
30204 45556 10
55077 52406 15
38809 11101 17
49373 11536 13
13947 15978 7
43575 13942 6
48449 8413 7
59234 9472 7
19593 21474 9
16778 40035 12
31774 19819 8
21397 29938 14
5444 46675 9
3539 31730 12
13228 3388 7
47341 1239 17
10499 3682 13
54416 57366 3
33141 37941 11
7722 29745 12
54851 57855 7
38148 31205 10
44488 14882 9
58310 35593 16
43762 10234 9
50388 31678 11
49605 43757 6
42027 43565 15
29957 17099 6
47621 46991 7
30840 3197 3
30485 17445 11
36334 3176 9
35297 55168 12
8794 35406 8
55285 19863 7
43401 42196 15
33662 1559 5
50124 55379 15
50440 36412 7
11715 2092 4
8738 2886 4
24268 22811 2
55517 57309 16
17251 27772 7
30388 41803 5
52985 50004 10
32122 21853 10
49297 45858 4
32969 20407 6
49224 41900 2
54258 46864 11
2856 25218 8
15942 22644 5
42343 25366 3
22591 11404 9
12903 36199 17
43956 16452 13
50883 5760 9
46391 41759 5
43753 29648 10
42530 16399 10
18663 22102 6
42241 21958 9
54564 22608 15
16387 27263 9
6429 36566 7
43081 42687 5
42794 10474 10
4314 14018 10
34882 26551 11
55255 59740 13
45791 11554 6
33678 43131 9
32966 21979 1
30338 44681 9
1557 42143 12
2992 12488 11
56290 40695 13
7953 27827 9
24201 33210 8
38460 41956 7
39457 26641 6
2686 3725 5
59498 2504 7
27253 49210 6
2354 12078 3
45797 7284 12
3891 39829 17
3548 12232 9
19197 29590 10
46966 49976 4
50037 53974 11
30633 15946 9
25985 52252 10
30493 34714 1
26479 30715 7
2296 3305 8
33298 36514 6
14245 25303 16
9640 9348 12
32127 23571 15
32053 2491 11
30563 42944 14
10772 45010 15
37072 30937 13
17475 37787 9
14496 20248 13
31518 45834 4
13487 40447 4
50895 18361 7
59475 53448 3
717 6756 11
41562 9437 18
16167 25272 8
5737 57154 5
1662 33011 6
2456 25222 6
26468 19927 8
839 55762 15
16508 23777 3
58655 52562 6
27372 32370 14
28836 14370 6
33067 28272 7
33744 51942 18
4923 17678 10
48130 54905 18
56369 15527 14
25849 8428 10
249 12923 8
58050 40557 13
36019 1029 0
41992 29731 17
24328 45420 3
6451 45522 5
34824 25901 15
55967 14523 2
40623 32974 6
29154 37890 12
31430 52818 3
10316 20645 5
59679 45248 12
15807 12936 16
4897 3289 12
23933 5690 4
21314 40063 9
24578 18309 15
41846 55432 7
12540 45372 6
6467 36441 7
47479 5383 5
51188 7509 8
34644 5994 4
940 5004 10
1749 8189 9
15082 11525 8
31467 7663 9
55283 35190 6
13295 14345 3
59029 55703 12
29533 7980 12
44606 18222 0
43972 36390 7
45670 34338 13
26537 11899 3
18341 20876 10
59895 43929 10
57610 14186 11
20713 26873 5
34956 57133 14
54117 22809 14
30380 56471 8
2091 12987 6
25984 28912 14
49717 56703 10
55361 25529 0
4690 9396 11
11674 56309 10
37576 43201 14
51318 59564 18
52709 19561 13
32404 29360 16
48893 45626 14
10956 58266 7
24946 47716 9
53930 52561 6
39330 7591 7
34195 39112 15
19141 28675 14
32241 52054 12
18770 57560 10
9842 59864 2
51586 39353 13
29100 34325 10
59283 34313 12
13081 54460 3
38456 7695 11
49419 1317 3
10406 50108 8
45967 27814 12
27231 46377 11
22838 1807 5
57862 50201 7
34401 28880 7
19688 15773 5
57795 43922 3
24388 45799 2
17555 25765 7
5497 38968 4
45685 25877 11
10629 36740 5
53652 21397 11
5374 39684 7
54695 40135 11
31024 29788 6
4029 25113 7
55951 45128 6
50522 5703 13
43127 33327 5
54309 7738 9
53155 43943 11
53828 45395 12
26284 8851 12
37131 40855 16
45166 32547 10
24238 22035 8
858 34504 17
9012 57923 8
49496 47025 14
50997 38822 13
31121 25717 6
19570 33216 13
2594 37119 6
50146 44126 7
58122 28647 8
34442 14205 5
28974 41375 14
34968 35486 11
51720 42063 8
45307 54130 4
46401 23451 11
54351 17610 5
30341 24173 11
16851 50496 6
24473 57130 7
30000 9733 3
56201 13088 18
44866 10100 10
25783 51338 4
54886 28128 5
3436 30530 6
15923 39913 14
11874 18699 8
28188 17368 15
40960 39390 15
20776 37702 13
53958 36581 9
37295 2369 12
37396 43377 13
59288 43460 3
42331 26107 14
28890 39397 9
45265 40549 14
31967 23335 9
13790 2471 10
15263 31640 3
45569 59226 12
33591 43600 6
47159 9677 4
32534 1171 5
4337 40123 10
5734 47506 12
23281 47717 10
42196 13421 15
43227 3496 5
37982 30957 11
47030 22704 13
34943 7026 8
35440 26664 17
6649 54549 2
46723 52870 5
13497 37187 2
25726 7343 9
23958 7200 15
25168 50020 18
27579 8774 14
25045 15829 3
38654 37017 7
11198 25936 10
46918 2399 5
44078 16688 14
37482 40086 2
14426 3569 6
32147 26501 8
15581 43343 9
8735 44959 10
4639 14680 10
37118 16672 10
33969 18462 3
53432 49074 2
43413 22872 12
277 11984 10
9657 20746 8
38720 21158 11
28146 40226 8
59762 14679 8
574 11187 3
40139 42395 12
206 9324 3
44407 53883 13
11229 37815 5
57864 38100 3
50200 12314 1
41476 29183 11
537 31578 6
59578 7131 7
59229 30845 12
37626 25395 3
35558 18035 2
58319 42760 9
53459 44644 10
28779 8272 8
45936 38996 10
48563 42031 10
38535 23712 9
12244 24117 8
50788 57948 2
31052 9682 6
51630 58873 6
34079 34713 10
40588 36964 10
10260 59848 9
52166 53108 10
48830 26428 9
27500 51169 6
11869 3611 6
18539 38771 10
26202 31962 4
53049 51721 3
11770 53003 11
21774 59859 9
15562 28494 11
24399 55553 7
59071 42167 5
7404 1695 10
20275 45435 8
1421 23882 9
42896 58878 3
56873 40878 8
58846 2127 8
52714 24245 9
43744 40566 8
23191 54096 12
32383 48785 4
52594 35254 11
28286 30396 5
26135 58937 11
52695 6862 9
27798 9450 13
17532 48310 11
30068 41240 8
53603 29641 9
31599 12741 8
54136 4103 16
32472 11391 1
6604 4843 10
46264 6482 13
56900 45005 10
5529 33299 5
53142 11701 9
21479 43842 3
53485 41234 10
3838 37984 11
26851 3584 15
51036 14860 10
58116 48818 9
23063 45438 9
27653 38212 6
11300 57187 18
11571 9032 6
22503 41694 10
15021 11553 15
30547 54305 2
1097 58940 9
31249 14650 7
21350 33299 3
41032 58581 7
26149 11615 3
11303 49659 10
46262 52300 5
56591 19536 10
25331 33305 9
37697 469 8
32517 49807 7
43704 31426 10
35392 18567 6
7981 48052 6
49737 44491 0
28959 48528 16
36842 8282 6
25298 23380 9
6821 47079 9
30703 56172 14
10106 41596 3
13599 42242 8
17258 6847 3
5308 7864 11
24048 17893 11
47070 36302 11
17941 11703 7
38109 7996 4
41263 3098 11
48530 41276 11
31556 13695 10
32898 19332 15
44465 29477 7
5490 26086 8
36929 792 8
38063 1617 14
58133 29919 13
49569 48939 6
31519 9463 5
46314 29618 12
33400 24561 10
45444 7246 6
9371 42782 9
52749 31522 10
50040 48287 8
18350 26647 10
6587 6891 15
14152 21138 16
59971 25609 4
33013 22000 8
57400 5056 6
135 17741 3
19306 8643 8
7079 52846 11
7486 12312 5
52641 18712 6
38506 9259 12
28871 25511 15
90 2764 15
52508 22306 0
51696 54814 10
31395 10054 11
23886 43608 5
48942 30271 11
5570 20655 3
45332 54808 2
2085 53155 10
38191 2230 10
13894 40412 3
34216 31777 8
13708 42163 12
45282 18000 9
29326 8428 9
50808 6351 4
16988 40819 2
59666 39549 17
38781 44337 13
40528 26655 14
14114 2676 14
25624 8984 10
35010 15178 8
49249 8199 12
1232 48261 5
19890 52606 9
49500 39514 4
57325 45415 16
13519 28571 6
49033 52333 17
39894 24748 7
2796 57553 8
57568 39769 10
55667 4462 10
22359 30434 9
21791 40709 5
10505 17217 5
14675 13230 0
45398 48815 3
50323 32413 7
38832 26924 9
49487 26471 16
45040 41638 8
59816 6627 4
21637 2921 8
22514 48977 10
59621 40552 6
31432 35349 4
34932 15342 8
55261 41670 10
46305 17874 10
35652 5017 11
11142 37731 12
50517 39612 4
43889 47560 10
10467 16648 10
941 16597 9
865 15056 16
4047 51673 2
20359 31367 5
39504 12256 4
51299 36014 6
18225 17100 6
28309 8496 15
35619 5340 8
18971 15437 9
41955 1722 5
53994 37472 5
10372 2901 8
29198 49766 16
49207 14828 8
52179 32809 2
18699 15403 7
1190 44664 11
44936 54298 15
59163 42486 9
20839 30910 15
45179 32844 14
43131 40198 3
41451 57941 5
25548 24586 10
45875 56563 9
25672 57210 10
29993 45452 14
52056 2356 2
43312 52883 11
28208 3550 4
9746 30167 8
17606 28667 0
49169 49420 5
13871 33925 13
53908 9330 6
14445 54122 5
42019 3283 9
4440 24030 14
23457 43497 2
47256 43814 14
11881 13626 16
24271 5157 8
50628 15783 4
52999 36708 13
27723 20507 15
756 11386 14
11922 49071 12
55566 5001 6
23868 54999 9
46693 51107 10
39749 17135 8
14632 45731 11
26296 1821 11
35899 48851 8
7476 45938 10
24789 8196 10
7955 29834 9
26414 58339 11
11659 35367 6
25011 41683 7
2335 7174 8
58076 57905 16
10247 8936 12
32126 47307 11
33349 39954 9
51488 42544 15
24935 57968 8
23898 33171 13
45454 14752 8
50622 13065 14
56136 23241 6
24039 55639 9
8746 54889 16
27311 10075 4
33152 2646 13
53 34641 5
10887 18692 4
15765 174 1
16613 3786 16
35899 23593 13
8557 20059 7
37016 41267 8
29171 5454 11
54620 48956 1
49853 45736 3
51256 56374 3
51912 29470 13
57747 42763 11
29972 52539 6
20020 13704 11
47987 18805 12
44352 28830 10
21182 24828 3
14410 44837 6
6997 36810 11
16958 44721 11
58135 23993 3
45342 42754 4
10341 25892 9
51708 51469 12
19793 17448 5
55190 30764 10
36748 5919 10
27424 57213 10
45522 36262 3
1205 1235 16
17389 42126 5
3310 10981 17
25663 6519 6
11490 24416 14
9109 54238 6
34364 42827 8
24432 34701 7
8083 47594 4
27296 19815 7
5818 19178 16
225 52262 9
47099 28294 10
25931 39806 12
25466 58424 13
55341 59527 4
58225 53842 5
11360 57029 7
30977 40782 11
43383 9303 11
48890 46193 13
52750 55381 9
38938 44802 9
47373 51061 1
2007 7079 9
44046 15453 4
14146 13957 12
8793 13786 9
47125 44890 18
59189 24897 3
38056 24212 1
15607 33007 11
41651 57074 9
50251 5616 5
49282 33047 4
35288 6862 9
46824 50727 5
24426 1273 9
27296 26305 8
7885 6477 13
52512 28282 4
6646 58872 10
40227 44967 6
39080 55092 13
43351 44245 3
148 19547 7
59393 48752 16
19179 36638 5
38107 33695 4
59574 1107 5
57775 58579 5
34190 50914 4
38762 13311 12
36168 18133 4
41882 30546 16
52704 54462 10
16628 43850 11
25429 50640 10
22787 53418 7
58257 33319 4
58734 32839 14
57836 43937 12
32489 55327 6
58797 39168 6
36166 59369 8
32472 42360 10
43850 31994 6
16347 51543 8
25519 31797 8
14972 6518 13
22743 44904 11
50980 40994 13
29927 33747 5
44516 10448 8
43792 31804 16
46561 29406 13
6695 10700 7
28915 28703 12
27521 21646 18
12077 57665 12
24778 50528 14
53669 45462 4
8469 21284 3
23739 8381 3
51002 58717 9
39325 35681 3
34313 54541 10
41739 10370 6
37395 4155 10
28052 21085 10
114 42721 9
49896 55323 7
51631 10504 5
14632 45670 10
20593 17465 2
41972 25858 8
42866 55711 11
9734 9414 6
34252 37658 5
39806 32080 13
27509 30295 7
43397 46272 11
52715 13215 1
57222 10480 10
4712 38035 6
34285 48300 9
22700 55665 4
13301 5452 13
31209 7310 10
52831 36832 9
34583 36772 13
11645 45735 10
21937 38457 16
56702 33875 12
28325 110 9
59862 26360 9
52460 33721 16
25072 4529 13
9044 37061 6
39649 17450 11
57144 16397 8
2451 3308 6
3408 57614 8
53933 38881 14
36608 56289 3
31701 30672 8
21768 54678 7
20196 28779 17
30672 49982 11
20657 40436 15
44039 18079 10
52410 4257 5
13052 35089 5
25852 43824 17
46026 36940 5
37166 36526 12
17600 56371 7
43552 36866 9
17683 8444 14
18943 16123 4
59622 51561 11
47655 25635 7
41215 41311 14
51556 58041 7
30313 30822 13
52781 8 7
5826 34006 9
15356 10713 2
17617 27827 14
5386 1489 9
26509 32658 8
56969 53105 2
24394 44621 10
29800 13849 11
58440 46844 7
13312 38347 11
48090 47495 13
36506 25332 2
35952 42505 7
48477 20982 18
48294 45406 4
46 48827 14
28850 6916 14
11588 27633 0
24575 14661 9
4013 38154 10
21038 24931 6
52933 47887 8
54997 12092 5
42275 35259 4
25295 47249 7
30760 50982 6
22335 31674 9
29273 1971 8
20249 44771 7
42588 58538 5
29382 49786 8
45825 43927 3
51844 27371 9
2728 22168 10
42953 33397 10
54474 59948 9
45027 15621 8
47462 11198 13
36531 6803 15
37684 45410 13
57578 54858 9
5548 20304 15
10875 12800 14
46582 37011 1
34082 25254 13
59267 40684 7
39671 47028 9
52556 26379 17
13488 27274 6
10702 14727 14
16631 2856 12
2718 43815 2
40099 23779 3
53024 1117 11
45101 17068 12
58262 7159 10
14901 50228 11
13680 45717 16
51148 26322 7
19762 39791 10
1224 27944 13
11962 30755 10
58809 28842 2
16090 59846 14
10163 4719 9
10778 6625 13
42533 13071 12
55559 18041 10
48068 26947 12
21589 13009 12
11247 26796 13
7229 10858 11
45634 16516 6
19165 18933 10
7086 55053 10
50593 116 18
37112 49122 7
28050 39071 10
48992 14522 14
35298 31450 5
41757 32406 7
23327 27797 11
37627 35585 7
30731 23448 9
23512 32803 15
21636 1488 8
1874 14628 7
41238 37407 6
50740 57065 14
37919 18129 17
50087 45122 11
306 16868 5
34773 6810 4
25740 24570 5
11696 23194 7
23396 1721 6
20573 9757 11
12564 26684 11
48450 1101 15
24043 24421 10
14892 7763 9
55727 2892 2
44072 42703 8
9472 35864 7
52309 29254 9
49568 24353 10
16872 13530 10
30249 25968 14
58675 37517 4
29528 50915 6
44688 11948 4
16549 39378 11
41277 7567 7
32359 33057 14
2974 31407 4
8020 30082 12
50501 40832 3
4505 11598 4
10944 50695 11
50389 52229 8
27657 56715 1
30917 54351 7
33330 36537 0
32663 18341 5
32170 26441 9
339 2967 8
46259 43273 2
21523 38210 7
62 17412 10
22988 29288 5
25337 35090 8
25113 45985 14
35116 40461 3
40348 36146 1
37500 38703 13
13299 38973 6
40734 50228 12
17185 51801 8
35999 3401 5
47924 40342 8
13784 57746 5
54159 42889 10
48842 17755 8
52890 13208 11
3101 56695 9
47088 21750 4
20998 23819 9
47133 7263 9
32054 55505 2
45819 18888 6
59839 9708 16
52428 25161 7
55672 41924 14
45263 22165 14
45476 42861 2
9173 9017 2
16697 34247 8
4929 23175 13
30811 28468 6
11521 16488 11
536 7174 13
52626 40584 15
34148 43599 8
31171 40242 7
43079 45650 3
24449 24654 10
17960 9172 5
18444 27660 3
20084 13376 12
19057 9207 12
23388 43854 9
20506 3166 3
32441 50967 16
41029 41004 3
35466 40510 12
36667 51737 0
420 3984 9
3025 18758 6
9304 43600 13
5087 20164 17
1454 13117 0
47659 14305 17
26967 21027 12
33150 48332 10
31397 54517 15
17190 47443 11
32013 25749 4
15778 27818 10
13562 33116 14
19956 30353 8
29147 19755 8
40580 29064 4
55220 15865 3
27883 39648 11
11141 4948 10
32711 27608 13
4708 205 2
34195 24706 9
55526 57552 3
29181 26313 8
46125 53582 4
36926 20418 7
57876 41047 8
59020 46166 4
25670 3112 6
45750 2111 11
12256 8 5
58867 5912 11
2418 3532 3
3436 14795 11
29247 8642 7
42339 51628 7
4164 17738 7
33506 59127 13
58306 47990 2
56205 20224 11
15421 29455 11
23243 10852 9
27961 33383 2
47781 57640 11
48508 25901 10
49370 47370 0
29637 39650 11
40113 59125 15
30561 35729 8
34937 51332 4
54414 54722 3
3290 25247 13
29791 41737 8
6286 11279 4
41405 22096 11
38832 11502 9
54849 52854 4
47098 8287 14
56752 18624 11
3134 47951 7
31800 18113 8
28367 40328 10
59842 17516 9
45126 29991 3
22274 30682 12
47359 10283 8
15252 36358 7
56958 49555 6
27820 42097 3
44293 27114 5
58657 52524 15
58011 45367 10
50523 5544 9
44711 34725 5
1911 45224 10
5092 42190 9
30390 18594 10
5112 8229 10
723 56177 13
51910 18511 14
12393 50640 8
29713 50554 3
2707 24819 8
6612 33676 10
41650 44110 11
28219 32900 10
23050 11594 13
9069 45696 4
59570 50537 15
30729 26674 6
34192 33925 8
38419 38662 9
37941 27417 7
24487 38782 7
54188 8444 13
5072 48563 3
306 31333 13
7918 57961 9
12371 18724 5
38365 14372 11
53319 50467 9
20940 37939 7
33690 53627 6
59952 44230 9
5465 11628 16
27619 9562 2
38689 56961 7
56560 46472 12
22100 53764 11
17232 19924 1
48275 25310 8
22153 42806 2
36096 26216 15
469 33483 17
54531 37004 8
50635 54030 14
20141 47931 7
35041 49282 7
20554 30457 10
2155 55197 12
39908 33483 15
46125 41893 8
20805 47136 11
2602 32498 10
4945 45913 15
53413 29403 6
50483 18633 9
9760 33396 7
54373 34522 7
30597 26394 12
47667 27222 6
48481 51177 6
56945 18859 10
5093 44065 10
11232 46138 6
18176 36654 8
58694 10097 3
55233 28874 10
15049 9190 13
34905 20453 11
1593 30971 14
36213 28780 2
50786 3563 10
51069 38463 7
9926 17153 8
59703 48670 7
21630 9828 8
27275 57473 7
12112 10551 16
35269 20222 5
10953 8479 8
54820 47085 14
54457 55829 9
33139 57425 11
835 9943 7
22242 3502 12
22651 58952 7
1680 12243 3
19089 29386 5
45375 10089 8
47695 16797 12
6512 54330 10
9472 21022 6
17242 21124 8
6005 11945 2
1474 767 6
35768 59546 11
1587 59843 12
16159 7332 4
12142 30190 7
43726 22827 11
24356 22695 6
39579 313 16
40355 22250 13
35849 274 10
29825 18875 6
55106 13654 5
15004 20200 11
21026 37015 5
40422 40685 14
34683 58383 11
9565 36469 6
26333 21750 4
22122 32089 12
16489 4779 7
39570 8467 9
59060 13938 6
7809 56254 15
55116 5375 4
19072 58852 9
57714 33530 8
49149 2315 6
52498 20638 10
52328 4647 16
6431 6912 8
10176 9140 3
20799 37024 6
43785 21475 17
35192 14918 5
54065 34166 8
42902 54610 9
24627 38405 8
54084 35302 3
14421 46138 9
55912 42586 3
52586 11176 9
25484 36432 7
12920 58130 8
29264 30863 9
54805 34355 2
23412 50906 6
37608 17237 16
2938 18007 4
12543 49741 8
37952 59563 13
34172 36601 6
44233 4020 11
48156 841 12
9339 4090 11
41339 41364 16
58943 17705 8
38144 5233 16
11374 16479 10
7705 4417 8
45571 10610 12
47446 30390 6
45445 7010 16
24503 33696 16
55955 12407 2
25223 12561 10
31578 541 5
53424 57291 3
54730 29239 4
46628 16721 7
41856 42526 3
18677 33202 17
41197 56649 11
37279 6553 13
45350 33030 8
19464 21607 9
50311 56818 4
58624 2631 13
23490 57081 8
20488 12875 4
54738 51535 15
4806 25827 9
7277 31049 10
38818 10489 9
31976 11776 10
9976 54105 6
47625 47702 4
30660 18870 10
10318 54421 1
7163 6156 15
11370 8495 11
48836 57105 11
6385 58922 11
55328 9638 7
10918 10692 5
41993 32047 13
24743 30663 9
50349 56143 13
19037 1901 14
7820 9950 14
8712 35414 6
5076 43523 7
7503 57142 8
40224 30079 8
31970 49367 7
3742 51527 18
28126 4558 7
40438 48048 5
57212 53411 12
55828 43225 10
1435 2591 13
37715 1349 8
53600 2522 14
909 18935 12
25074 9118 17
1388 29600 12
56508 7448 7
29149 35442 10
10144 51455 12
13507 712 4
28366 25916 4
29368 46832 7
21877 21022 7
14909 22108 15
43559 47619 8
58993 25652 17
35548 31030 11
27883 59578 8
46099 9174 14
21096 15888 5
19886 11413 10
43575 8935 2
8979 8594 7
59622 15266 9
28008 54753 5
45847 11662 12
28495 43299 16
7452 42317 11
51040 26758 9
43844 40588 4
51534 21203 3
55978 57234 14
58931 14294 12
43057 24694 18
32139 8082 6
24111 38993 3
20579 53862 9
55664 6481 7
21698 9023 8
19697 53807 8
29317 10647 9
56684 22530 16
40085 41853 14
54389 38301 13
28743 9702 7
50994 59608 11
52427 16713 10
27678 26036 16
743 556 1
29817 30555 5
3252 59522 11
1185 40341 12
42668 37186 12
48876 22668 7
40097 28868 3
59383 4310 3
35388 44628 6
14932 14431 5
2432 19077 6
55351 53482 7
32332 12621 3
2531 43912 10
7246 30781 13
37576 32532 15
15010 50091 8
59780 46308 13
51977 35048 7
45053 46230 11
36108 27618 3
11226 32971 14
34008 2649 10
9610 56413 12
37712 6257 10
39487 17831 11
38598 29481 9
6138 16907 3
53051 8438 4
27217 52668 7
47259 11876 6
48892 29123 8
43429 47508 3
59119 39957 4
47001 33711 8
9252 654 9
43891 34146 13
15651 33073 9
5331 32769 8
9876 10497 11
47123 8744 8
50858 46335 5
15194 24363 15
54303 18049 3
14702 11881 10
44503 52695 8
50680 10777 8
9827 26599 13
1786 59946 9
11663 18150 9
18657 6695 15
12953 33564 9
49916 18356 4
51026 22157 10
45963 42547 9
50026 43192 3
12877 5638 5
46663 44390 7
33389 20296 7
34404 43927 10
21783 44231 10
16721 39199 16
17338 35290 7
5342 32679 9
22630 56122 8
51964 50693 11
5205 4021 16
41353 7948 0
31967 27378 12
36562 59386 4
3440 57287 2
18515 11162 0
51288 5605 7
39128 53051 4
22108 3090 18
39759 31444 10
38004 19365 15
4835 4145 2
27581 21247 10
20343 31071 12
24976 14205 7
14841 28692 7
37308 29975 14
49769 36333 7
51220 59819 8
6350 23202 6
59141 35737 7
56394 17395 8
53697 12649 13
58258 16638 9
57396 6221 10
12488 37373 8
1765 50152 8
36322 51981 13
15747 1332 10
10079 11973 8
20906 23416 14
40123 51702 6
6497 58201 11
9082 11912 16
18698 13820 11
46920 57088 9
35129 50699 12
7676 43925 15
36896 33264 11
37298 33903 12
39376 57304 8
53222 32736 10
1505 3596 11
53626 44388 8
55023 38300 7
12375 43141 7
48329 37251 12
40207 52651 14
49126 24758 12
11265 55471 13
4875 1215 11
5753 57656 9
53408 46621 8
28926 29943 14
31192 19862 12
44664 39328 6
27758 11707 12
24686 8296 9
26631 4396 16
53578 22080 15
53790 54541 4
48007 10612 12
32059 40838 12
20431 43944 14
3277 6238 18
4512 28123 6
29657 59408 5
41126 13745 3
41660 8512 8
33018 40965 8
15672 42788 12
27008 41396 16
55127 8238 10
27832 25892 4
9866 19701 14
25901 38325 11
725 57886 11
3263 59222 11
57458 6934 16
45630 29863 14
7124 53027 4
24777 18606 0
29319 50486 12
27311 56597 11
35281 20394 2
27470 29061 5
6418 17006 10
11704 20485 10
47179 7639 11
718 26956 6
29302 30463 13
43751 31839 10
52951 15642 8
47445 340 16
32377 38008 9
52996 56323 13
51440 49783 13
47409 4731 3
51487 44775 16
55588 19183 7
5731 1214 9
31579 51032 12
41093 10671 10
10887 50946 6
46498 9432 11
53649 35291 11
5702 20797 6
22883 43221 8
50709 58646 6
22492 12187 7
20466 22000 10
34047 30910 16
477 20006 7
28446 55373 11
5665 39545 2
16788 48164 9
28425 27447 14
31024 35815 2
56537 28224 4
48977 55421 5
4316 3880 2
22186 24131 12
28646 42827 6
36877 30679 7
51659 670 8
45569 25785 7
20700 14750 16
19641 38429 9
16355 28494 2
59451 14256 10
52822 17720 10
38434 35266 9
10287 38782 13
35667 26168 6
13909 46450 11
6093 38951 9
19157 29630 12
39599 21784 10
5388 3993 9
47391 24673 7
14486 8751 14
32746 4381 8
32159 17742 12
23731 12361 5
10434 50392 12
35905 58345 6
47532 23986 7
38156 52592 14
23353 40411 7
50823 55155 7
58229 42046 5
38828 45082 9
2508 10730 5
28130 34885 10
10653 43065 8
38602 1744 7
22055 45141 12
43644 7871 11
8999 9091 13
44506 24711 6
45814 28628 3
46619 52782 4
6596 59440 7
19052 6605 10
55758 6006 11
1238 56078 10
16585 30240 0
49121 4128 10
48851 33309 9
59776 7254 9
34587 6405 6
41727 23394 9
9308 58611 11
35211 22631 9
21671 41391 8
24248 16672 10
58714 34164 7
9325 31437 12
22448 145 11
42160 59170 11
33219 931 2
13821 57212 13
32766 55998 11
20017 40938 14
24349 21691 10
9298 56040 3
42623 27001 4
48618 4690 18
42567 38049 7
48271 50021 14
45374 4425 16
14122 27350 11
48073 43664 8
13169 3668 11
1700 9773 1
21752 3770 15
20631 6563 11
18741 30529 5
400 36032 5
54389 40374 12
14589 46151 7
38605 24778 5
10503 34339 15
43088 11047 1
36365 21768 7
27869 1299 4
42151 18598 15
2443 3837 8
18638 59284 10
58742 21060 10
53428 22283 14
42378 48739 15
13149 23024 10
9105 58374 10
54099 33453 15
3135 11897 9
54508 7806 10
2861 29606 9
42680 27875 6
8175 46926 8
47843 33208 7
5310 55979 14
3435 55143 9
53374 25688 6
694 48416 15
34971 27881 11
1302 33128 14
2661 13737 9
47617 15431 15
12614 30069 18
33598 40684 12
57179 8145 14
56804 46811 11
39630 3032 14
9448 59538 14
56815 46794 15
18898 56647 12
7306 32278 11
52128 26492 5
8045 26060 17
36544 42512 14
46594 28667 6
15786 56584 2
57227 8945 8
32015 31110 10
6739 15637 3
7218 7766 11
2845 49044 16
29980 42513 11
52357 27558 10
19302 15749 11
58018 172 13
18367 901 13
15639 51635 6
53878 56635 2
38232 5202 0
38445 5942 6
9789 7627 17
50383 5337 8
38122 36470 9
16472 9687 2
7032 39584 9
4227 58982 7
17882 53142 16
21555 59926 9
3988 23224 14
50243 21108 13
28747 3554 12
55015 38525 9
2648 17034 8
5247 49701 10
45861 22225 1
49150 43365 9
59035 56382 13
48571 3771 9
45211 47327 6
3730 14744 17
59383 16355 3
46168 2817 9
46705 41435 6
13046 41533 11
21581 15902 6
40976 32623 7
14342 49084 8
19112 40170 11
24708 27220 12
15499 21224 16
21463 6609 8
47060 48847 10
22588 56885 13
31266 17323 14
10784 38953 11
13600 34384 10
29211 50347 8
1533 13874 3
5344 31690 7
54222 12178 10
35158 59826 8
20098 20866 11
8970 11747 4
1233 16635 12
20692 30514 14
38189 28477 10
56966 25130 10
50497 17303 12
52752 17899 16
29670 709 3
50133 16623 15
5244 5482 4
11332 58982 7
14842 54837 11
8703 18124 0
58787 23055 12
3098 21134 10
12638 8279 8
1822 24310 6
54154 6640 10
50166 38855 9
57873 14883 7
44607 43229 9
48562 53871 8
49020 37245 10
8697 5198 10
35651 965 0
5043 45255 8
46347 17020 5
8167 10890 14
30917 21447 10
29047 41466 6
44643 49957 12
42899 59350 4
16265 17406 5
27230 55584 15
16732 24995 8
44832 994 14
1684 32549 15
56916 44285 15
52709 51020 18
43453 54879 12
13210 8623 11
11079 38818 6
16312 56801 4
37133 14484 9
20282 37562 13
41925 41160 10
25158 26718 7
50544 50388 13
28719 42309 10
3811 43105 3
34762 46757 5
43771 31333 15
5156 28508 8
45720 33943 8
33047 43971 3
21585 17457 7
31870 1960 10
682 36092 8
11458 612 2
26905 37559 1
19899 24561 7
30746 18138 11
51748 54917 9
51554 7608 8
48392 19427 7
39092 7957 14
48161 59238 14
25781 41277 6
41827 36568 11
30000 32761 7
14837 8289 2
29474 57368 4
16313 17946 11
34297 30192 14
8887 38735 7
22648 35424 15
55369 23032 9
23383 47833 17
18187 36722 14
8296 17898 5
30456 51432 6
20455 19872 4
19194 11409 8
11453 41162 9
13336 17117 12
44400 55329 16
38544 17807 15
29989 22276 12
46076 48990 11
16803 44964 5
41763 53607 13
41214 29731 15
28108 28205 7
34597 44451 3
27849 16246 16
35015 17995 5
27487 47880 5
36431 37212 7
13697 18624 10
50441 18271 8
29035 18913 10
6492 14317 11
12059 27463 16
6596 10608 7
32760 10079 16
16404 45710 10
27338 50965 14
29478 34878 9
59933 55494 11
49914 12151 5
54860 41321 14
41614 55487 0
59722 47716 4
52196 21951 11
56240 36681 14
25370 8288 7
59789 46751 4
58064 4821 4
7973 23311 10
54231 47003 15
31884 47514 5
2979 24253 6
36315 1602 3
4710 2252 4
10461 11025 12
59508 49745 10
35230 18740 16
1796 14458 2
58271 20461 7
49225 8547 17
23435 24815 11
20287 43824 12
53982 35315 2
33325 35895 12
28418 23221 6
14397 8007 6
53172 32555 14
29173 32853 8
35801 36127 5
11803 28617 11
57390 23091 8
42678 37211 12
30510 33088 10
39159 18764 3
54380 29297 8
26861 51691 16
34381 54845 3
32274 35415 3
7288 33214 3
13225 40232 10
49737 40502 3
58415 3892 14
30929 24023 6
42390 12940 10
54939 43380 3
48649 52097 7
37450 32980 11
7933 44792 3
49314 33261 4
32952 19712 6
46315 28763 9
10033 37997 5
5167 6254 1
59982 33336 15
36148 46777 13
27347 1207 10
18405 53323 11
21524 51592 12
18347 53073 5
50706 51433 12
41054 35564 13
35988 28962 14
25636 4949 15
52068 47931 9
25353 38063 12
9040 35728 11
43286 368 9
36816 32003 14
27656 47331 13
57613 41932 10
11964 20499 9
10986 4425 16
18737 45913 8
23064 52300 11
22848 29739 5
14959 51115 6
57639 58821 7
29040 42131 1
14659 42516 14
44329 35942 6
13337 11646 11
13216 16734 9
29766 13822 6
59911 32086 0
30435 54418 9
10680 17871 2
11326 46814 10
9201 53405 7
39090 52769 7
26671 21237 9
37651 44097 18
46227 47925 3
22697 12383 5
21244 25507 7
42694 37977 6
8593 30554 6
8379 43503 6
35129 20288 14
51337 6060 6
54585 34903 17
53475 6318 4
11258 30406 17
52598 20830 15
44357 27108 11
44728 53437 15
42085 33694 8
3878 57541 8
23562 22824 17
41944 49704 9
56270 35779 11
17850 7391 4
22993 201 8
26205 30447 5
21644 29462 9
23541 31730 7
35073 31322 7
575 49558 13
1631 49644 10
30625 23489 6
51980 29330 6
5999 2078 11
36372 55699 13
24519 17544 10
31647 13702 7
55883 13197 4
56837 48004 12
39958 45938 13
22261 54525 13
25858 20553 4
50517 11226 10
799 10459 9
29930 15411 10
10598 55170 7
18045 767 9
50415 34639 6
2493 13479 7
59854 39753 10
32932 6787 15
25686 32139 12
44843 52499 10
13534 47003 14
44281 25255 5
42935 17449 5
25317 51749 7
11262 44473 2
33450 22428 11
23285 8463 16
54842 39418 17
1592 52935 9
41881 25177 7
48655 18731 17
39258 27150 8
30529 51575 6
13644 26437 12
18949 1397 7
9324 48370 9
17604 25901 10
22354 56765 10
12587 25946 11
39011 14001 9
6873 43576 10
47589 55272 12
47517 49722 13
52957 25871 13
23263 28251 14
3946 11689 11
55700 54138 16
56147 57861 8
53245 1794 11
34007 36665 6
16416 12074 17
41932 24745 13
47060 21834 12
33588 1501 6
13743 21441 4
10869 49443 4
21192 713 11
11131 58344 13
23720 15840 10
44080 54067 13
53842 323 7
38308 54324 10
7909 36789 8
38835 58448 8
12550 26808 4
27081 40386 13
49279 19872 8
47423 38486 12
45416 54236 9
48992 7766 10
10056 20698 14
4325 10268 1
13425 13119 16
4558 24211 14
27667 41780 11
19431 23500 12
5322 9206 10
49051 20283 8
43512 22349 10
39668 230 15
35395 3924 3
46684 41120 10
13275 15543 6
48707 33469 8
13497 29307 5
14851 11869 5
6158 15897 16
22860 49472 7
21515 17065 11
59716 4288 4
34867 542 0
8615 3089 7
1440 48846 8
46071 47733 16
14092 19976 3
36186 43033 10
13299 29136 8
25674 53668 10
33458 3227 10
27957 26754 8
22627 8734 6
59561 55743 10
45049 46220 9
47522 12146 7
20685 11816 12
40930 58706 10
48605 51926 10
9170 48948 12
53207 30878 8
25862 48392 10
48739 38463 9
49898 8105 15
9155 9357 17
10218 820 13
58477 34502 5
38546 16539 13
4030 8900 11
22116 36701 15
6530 59766 5
6397 13259 8
52451 29432 8
4227 14476 10
34647 11172 7
46739 13077 8
37324 50278 15
25499 50459 14
46577 4027 4
247 20218 16
49239 13518 15
1395 12046 7
9770 43635 7
13892 5801 1
47485 38808 7
20688 16642 0
24071 8048 12
37890 22873 11
22993 59195 10
37685 50976 11
42896 55166 6
39107 10960 11
54545 42552 2
14321 56956 9
39859 25533 2
39034 25239 18
47445 1199 11
5625 1398 14
33283 41256 5
8349 757 5
32345 333 14
46754 12742 11
1680 16359 5
31155 34083 4
20737 47859 10
3902 22302 7
46316 45347 11
24093 11751 13
41016 19911 13
25196 51893 5
50394 20138 17
7480 23090 14
42306 4519 16
48728 11709 8
44947 31406 10
24999 38993 9
30308 7810 17
47723 15354 17
5875 40650 9
7189 10867 12
14469 46316 13
25452 33323 15
22540 27953 18
15032 42947 7
53737 34213 8
37754 54843 18
10146 38512 10
9071 10234 10
50791 42166 14
11755 10882 6
26651 51577 12
47765 27248 11
22133 21518 9
14935 27290 3
50155 23574 14
37198 45126 8
22627 28140 3
21407 9242 8
35817 47005 6
49949 46131 6
40141 41309 13
15942 22638 9
37230 54928 11
2182 30270 6
39106 43074 1
19482 22808 9
47580 38129 4
55002 38590 8
10686 21829 2
35698 732 3
24322 36627 9
42732 53458 4
31697 17561 13
20677 51616 12
41041 19396 5
56661 10829 9
39475 58287 8
56602 4071 3
29155 12075 9
1229 26525 16
5663 9350 8
9298 55010 6
12902 51881 14
54823 34617 7
2927 56241 9
25952 50659 9
33621 25223 13
59194 42288 10
11181 50105 10
6578 6239 12
17115 16046 4
28238 59254 8
14163 33319 3
47031 56530 0
5281 18508 13
28396 55336 12
55391 14364 11
41967 10106 3
49644 10291 9
7384 56431 16
12681 16177 4
23056 35875 5
14430 14837 2
39869 27723 16
29368 56324 3
36949 5246 2
40939 20792 17
53119 57149 4
6133 14957 4
56316 51705 12
28193 29112 8
39093 58259 6
58335 7041 3
18999 14305 12
31227 50779 9
3417 33344 7
31393 9264 1
49346 3651 9
16820 51447 9
46832 18027 16
16652 48032 10
44216 34031 12
9132 35064 9
26533 59918 2
58020 8622 12
52459 43086 14
44773 16214 9
47811 47182 15
40394 792 14
6121 32300 17
28459 57862 10
16086 56102 10
1920 2583 3
35716 52914 9
6899 33295 3
10929 34317 16
22031 9234 12
1648 23629 7
54162 37794 12
33242 37499 7
41331 16359 4
19012 11850 5
59389 49114 15
3866 51834 8
30405 50323 11
45979 33740 7
22010 53816 3
59545 23773 1
20921 43564 13
19603 27740 16
38039 53707 2
32897 21983 5
34380 53866 13
35506 55070 11
41983 19807 17
59154 34849 1
44006 53506 13
1963 338 4
6827 15614 5
20389 48190 16
7224 21260 6
34430 22579 6
44337 7077 10
41546 47560 13
17914 22816 5
4497 22453 6
45405 55624 2
3715 5983 1
57245 32965 10
40847 53092 10
51084 54784 8
55925 36945 13
8344 19944 9
24640 59235 8
38706 17754 3
23375 4502 5
53213 647 11
55383 11916 7
5690 7721 3
35727 24588 14
1159 33285 10
27231 877 13
6499 41640 2
27271 9368 10
33259 40947 4
29942 42114 7
30698 38005 18
14746 4103 8
12966 27256 5
21016 34575 13
49644 20955 7
45877 45961 9
22002 30806 11
31626 27414 6
26233 24396 17
27060 20591 3
28844 35220 4
15312 55824 15
46366 13061 7
47227 29272 15
58518 27760 13
13269 5208 18
22233 56246 9
34871 3712 4
38680 37275 14
59431 39988 7
4077 56220 12
39250 58954 8
52306 55720 14
43987 44930 9
57438 54856 9
32951 33635 7
5835 17106 4
21683 54352 10
3036 4167 11
13102 27537 3
47658 30110 11
33870 45395 13
35497 19073 13
19668 35093 10
32114 13159 5
57622 12489 12
17885 40313 1
56841 51295 13
29660 28551 13
29356 5029 11
24793 36765 2
39068 11164 15
2409 25982 9
48697 37790 1
8894 12850 7
50434 19262 7
16109 50385 2
38250 36304 5
31569 8833 10
23458 18818 15
12465 51713 13
18970 24729 1
32006 33471 9
45252 28981 5
3949 9976 7
41668 3501 10
15421 52567 13
22222 26627 5
14014 4695 13
46815 34048 6
5596 16768 13
39813 35971 7
54921 46679 5
26137 13363 8
18054 59148 4
50189 22500 6
14595 57057 2
191 45085 7
20540 50005 7
46305 3224 6
43910 23994 3
6787 30923 9
14058 8881 15
14208 1334 11
12086 37982 9
48324 25676 3
619 30533 4
48249 54041 9
45103 43997 11
5285 54624 8
30405 3416 10
31793 50979 5
27466 21838 6
10543 55936 11
53118 22199 2
3500 30382 5
51914 35890 10
47553 43452 5
19763 11447 12
47219 28449 10
18562 27888 11
30678 17302 8
18579 43536 9
8849 52386 10
31551 47191 15
28648 46708 10
54658 54180 11
13648 47178 10
39142 38506 15
31836 42107 8
42736 30001 15
3651 27663 3
10907 10562 2
46593 33872 6
30328 33426 13
56549 25041 8
36360 27271 14
36256 44837 8
13128 20526 6
45820 47109 5
55617 43324 9
3158 47271 8
43171 55673 7
43677 48450 10
9216 30539 12
53731 45286 12
29934 1103 9
40876 240 17
15238 57092 5
41272 30375 9
22925 4945 16
12973 9539 9
59843 20824 8
40853 53837 4
58567 9793 8
46717 2466 11
22986 51884 8
51991 43697 9
5181 59276 14
51911 46476 12
51392 3043 11
17 13254 9
37961 48002 12
49651 11382 14
3481 30941 16
3191 4292 12
29928 58620 9
52890 1041 14
43241 45812 2
36350 40730 11
34274 36822 6
17274 19928 11
40751 12741 6
58849 21904 15
24774 4857 12
1243 8639 6
8204 55254 2
29159 20205 7
10275 45977 8
50928 28882 3
18741 38826 3
7083 43477 6
53125 2517 6
8639 33194 8
38200 45387 2
4250 51345 8
35061 37245 15
28608 10771 13
50993 24278 4
8604 57451 7
20440 6457 10
48759 11946 14
45169 36138 2
39126 35252 6
24703 969 11
55922 41021 9
21315 54665 16
36369 21911 11
52572 38006 13
15873 29875 8
43266 54742 4
12996 59374 7
51018 24478 13
30720 8225 9
45686 53718 11
43893 21010 8
4251 54985 6
15395 32319 12
30605 16659 8
50719 33384 13
57113 50155 7
41385 37813 11
9883 48548 13
16002 16583 12
43031 50543 5
28744 40816 4
25627 29130 6
54484 21329 7
50427 8357 10
9151 48856 5
899 8731 10
37813 52858 14
14670 29864 9
18223 34733 8
35327 16905 0
59567 59650 15
4692 38865 8
2633 39391 17
11837 22192 4
56479 29276 13
49193 31707 12
49725 41227 12
56184 8114 11
58310 57083 14
4030 6050 13
8152 16536 3
58241 20539 10
57934 53102 11
21635 31947 2
49119 12053 9
59260 1272 17
49711 38284 10
18967 53416 14
23534 10895 15
42040 11267 1
31013 13012 14
54397 51966 7
25360 24670 15
43436 20288 8
33751 28608 11
27383 12646 18
39008 27078 5
33643 2557 9
19042 15166 15
21180 33347 10
26684 38262 11
37740 10322 8
33369 19081 6
48981 56342 9
4773 38498 4
16974 14475 15
14492 58527 9
51913 32604 16
36403 20392 6
29650 2238 10
22558 34608 11
34225 2711 15
20474 5898 10
44856 4622 6
27056 2432 5
7975 28116 14
52618 58129 18
10899 10936 12
178 18688 11
10436 17145 10
41231 8662 16
28365 33870 7
45743 1758 9
26260 37120 2
19640 59144 5
51916 13004 15
7314 45747 10
45440 54219 16
31749 26930 8
12910 8826 15
19799 35450 13
35857 49220 0
16687 3013 10
38335 41673 5
4023 11760 1
56318 45539 0
21700 43764 8
7803 42484 7
19099 26586 10
16339 47783 17
55771 6411 4
44412 47416 9
57352 10946 15
57274 8783 16
9886 9845 12
33535 2350 4
33349 21617 11
56933 29103 16
15983 22232 9
7415 41831 11
48666 51702 5
21489 41895 14
4762 41820 6
37493 46976 12
33778 11781 11
49513 8994 10
43367 33002 3
24187 29834 13
50710 31700 18
17058 5106 10
17534 10025 0
36205 12340 13
24563 37435 3
40529 49449 10
15036 57801 9
25518 6085 6
50964 23291 4
28760 53688 6
56038 59422 7
38626 49684 10
16724 26992 12
39842 47331 17
26716 54192 14
49645 15674 9
16928 42526 3
3997 24525 3
59368 29520 5
2901 22703 16
35481 36282 9
6431 56836 6
55176 52449 2
28166 12831 9
53199 46632 7
57158 10783 7
45697 2677 16
34586 3768 5
18976 18631 11
17131 37397 6
57717 18162 8
12509 27289 6
42238 40162 8
33456 8093 1
45263 34349 9
49521 22148 10
1394 46250 3
51028 26067 8
58067 40047 12
16761 58644 2
20170 9311 18
10289 46045 12
48195 17439 6
48092 34524 16
41738 34456 15
53013 2455 9
25731 26639 8
9889 42208 17
46341 23612 8
135 11268 4
57831 27013 3
35470 34592 15
7551 23745 13
21731 56599 13
24896 46981 3
56229 28176 14
30297 21573 2
47937 8499 11
56672 8194 9
42481 8134 6
33959 24938 15
4516 9140 10
2204 22024 7
40344 35273 16
56980 14116 10
20890 40322 5
29350 29426 15
914 24517 6
23833 38387 16
23634 42567 7
56746 211 7
26023 28120 15
22277 47475 11
45468 37413 8
6002 5451 7
33927 26872 10
16390 58203 3
47147 55855 7
12901 20388 3
59649 43621 12
16896 46863 8
26548 36490 4
23706 48153 12
18829 27902 14
22250 6266 13
33749 54271 7
32739 32836 8
57811 16853 9
48809 22859 7
28988 53788 7
43672 2066 3
27777 32335 6
17395 14937 6
7480 56249 10
51228 22951 5
56405 15920 7
57162 55127 1
13692 1201 12
20986 2642 8
21947 10846 5
25203 51395 5
16576 38892 5
5817 37989 11
47860 17270 8
50640 45020 9
5736 15998 10
2857 25053 9
26246 9500 10
38805 1649 10
18026 58388 6
7043 41505 11
27612 8446 6
39701 22533 1
23534 30612 8
52899 56730 10
2922 13088 13
59741 47859 16
8588 34485 8
8599 45086 11
39597 991 6
8536 11976 14
22911 4996 10
58665 57726 2
59351 2644 11
55504 54536 9
3719 6928 2
46936 22202 1
19704 18961 11
22824 10709 15
58513 31757 5
38768 34358 9
43974 51112 3
32039 30001 12
4642 42170 0
53468 57957 2
41686 4353 11
24330 37369 14
19801 45756 9
2055 12463 10
34915 59471 9
26642 37721 15
44871 53966 1
59814 43662 9
25300 30557 13
17436 57013 10
31587 5461 3
4821 36540 5
6947 58313 7
30286 40013 11
24830 26667 8
11992 33594 12
46486 43424 8
48235 21060 5
14859 22005 8
11431 7838 9
56603 22555 2
57592 44778 11
27022 37281 11
57928 49634 10
7827 48586 7
47194 48244 10
46732 9196 6
24117 56617 13
30528 44250 11
15799 5170 10
34610 38373 9
29454 9795 10
31459 54752 8
44362 47034 10
6435 49722 11
54870 16636 9
10622 11429 5
10030 48264 8
13966 14529 11
30181 50647 10
861 55107 11
56301 29218 6
50119 43056 14
24818 12914 16
59988 45797 12
9752 13264 14
5471 38536 6
13248 23755 6
14486 22815 6
17553 57306 6
43792 47892 17
32839 35695 15
26818 51426 1
30869 33245 6
17284 22671 7
5577 44305 12
17310 37492 13
13536 18232 6
14106 10684 6
14789 43876 11
24634 47011 7
4869 3111 8
50059 48443 8
6495 29695 8
18149 12597 13
34751 48178 9
36040 30601 8
21897 35510 11
20592 7031 11
10232 3186 18
43859 12634 8
56982 57001 13
20660 14832 15
35030 33793 12
5083 6074 9
29198 36618 9
51145 4947 17
4028 12540 7
39362 26013 4
55639 22468 8
43923 39471 11
40580 24509 3
36730 26685 7
50771 34415 8
54506 10869 5
51691 25870 15
46092 28415 8
51162 3779 13
42018 18060 13
57503 8812 2
1101 52822 9
37467 13676 3
37689 51412 11
3898 55394 6
51289 50312 12
30408 33526 3
59974 49626 8
36414 8853 2
3610 21194 2
26008 6493 11
45169 38303 3
58549 59788 8
59762 40187 4
13819 41626 11
36363 19907 10
35186 44395 6
18746 55440 12
23966 21170 11
43879 18226 2
56760 23546 14
48526 38372 4
58652 23462 7
59521 5242 8
26031 30154 9
16730 29563 16
12372 48870 6
16665 52447 10
39977 50159 7
30838 21758 16
46455 6889 13
36856 42738 16
3116 7975 16
1318 50332 11
22064 25837 13
6174 13245 15
41455 56770 8
14496 44497 7
54985 55342 5
33066 18794 0
4426 58947 10
53038 31695 0
11881 1293 9
34281 43285 11
18609 256 13
37578 22 12
27788 59199 1
20306 4009 5
13462 8692 15
38588 46179 17
5878 1523 16
18579 1373 13
38110 8608 9
57201 22205 5
19076 55054 7
38371 59133 11
32174 23296 15
13772 395 12
55364 9067 9
59596 21647 4
36178 41800 13
50181 50382 10
10460 558 6
31259 19869 15
6735 20464 9
22621 17281 5
30416 39066 11
22710 17868 4
46833 31228 8
45753 13318 11
36009 41104 3
596 18519 4
49179 16298 4
46053 58953 8
42847 56418 13
26570 16443 9
48043 7903 6
49611 8392 10
42794 34262 3
2787 29184 16
47841 4028 5
10743 56547 8
21624 26233 16
30393 1246 7
47207 35073 6
13379 40484 7
714 8316 11
40432 13555 12
51780 6743 6
35115 5569 11
36402 23549 13
47358 51590 15
56471 43241 3
6768 42779 4
31747 12608 11
20790 49665 7
59823 5566 11
35265 42716 9
41141 50940 5
12979 57771 10
23358 50937 10
32628 16040 12
16472 47309 10
16474 56795 2
28150 51161 13
9202 4308 14
52612 13260 9
58575 4458 7
17468 54836 5
44310 24512 11
53519 52491 9
17842 21993 7
34629 34478 8
2351 23319 11
40858 23201 7
8491 48818 10
49674 26613 4
32933 41139 4
55739 424 14
17955 7259 9
48788 38488 3
13779 23313 2
10746 43792 18
50787 19829 12
14423 56628 14
41927 6057 3
14494 12531 17
12071 40883 4
15067 8648 3
6018 37727 7
47170 14812 8
12360 54946 1
27419 17755 3
59170 28012 12
12818 57716 7
2426 24073 9
29293 42384 13
6883 41950 4
18448 57160 10
10120 57929 1
19650 28204 11
46543 119 2
37697 45752 4
56343 12076 10
8150 4546 12
16000 29024 12
27719 56082 10
26983 39597 8
54421 43383 8
13508 26994 4
13071 6414 6
12449 5003 11
23223 8930 10
20625 37286 1
22484 49489 17
20032 19591 15
9908 35846 13
23829 3315 7
7332 7694 10
6815 49644 9
46726 40231 7
41497 38171 11
48312 4682 8
11098 29170 15
26977 8814 12
37723 5111 4
16990 35218 16
7201 7869 16
45059 45078 8
48509 24862 10
30009 32872 2
17756 53641 13
43191 36133 4
57949 10459 11
13969 1176 7
33467 49742 8
38069 25815 14
35568 13286 3
41644 11233 12
31973 55822 2
34186 49284 7
50996 27546 15
49996 59981 6
48717 23919 16
59822 37827 8
47395 16352 3
21904 49582 9
26026 802 13
52692 13640 7
49604 33946 13
31461 48457 17
7346 41804 9
6445 17261 9
9457 25076 7
8423 4772 2
13958 9991 8
28196 23603 8
26366 57615 2
28104 30532 13
35653 33913 9
15688 1941 5
10774 44591 8
7607 21953 8
57966 24582 4
12413 46790 11
26177 1427 11
1713 29781 13
58184 40802 5
15118 57873 9
4889 4526 6
50438 54602 13
21224 22142 15
59969 10592 17
39199 53309 14
52810 2029 6
41250 40877 7
10417 9864 5
59491 17616 10
28241 6676 8
28055 35809 17
1268 35256 4
8334 46205 8
16943 32380 10
39847 12408 14
3882 15403 2
5862 34979 9
53822 37751 11
31336 10415 12
30990 28437 14
13422 29157 13
16600 9701 8
35558 18125 7
24412 30152 13
4406 31600 12
87 50983 14
33984 6788 14
51659 32666 5
39845 42278 9
41314 19325 5
55764 26125 9
30979 2271 14
5856 19916 11
58888 15024 13
20275 11129 1
44580 14873 11
27405 34922 7
22621 58987 5
17069 25133 14
34897 40092 14
6940 10196 12
5446 19745 13
2200 20382 5
42881 40549 9
15257 53071 14
47203 31380 15
31645 18037 13
29941 32878 13
37194 53128 14
13568 53513 11
51098 35788 12
5852 22458 12
9943 29015 12
50300 2646 8
30094 26788 4
5867 32348 7
48501 5330 7
38071 32926 13
34056 4050 11
42696 50531 13
55459 49334 10
11204 40070 14
5998 6718 7
18508 46060 10
10465 49954 5
7190 5417 13
23768 47279 9
14975 51986 10
17234 32383 9
1123 14105 5
41804 18063 10
35187 5740 14
24666 52395 6
2933 16156 8
11960 5099 9
42431 13979 13
22186 33398 6
16657 21145 12
9316 12614 15
9485 18080 5
40300 2623 10
53724 30557 9
35096 49539 14
30902 25364 8
19032 857 7
40376 6606 10
5119 1784 14
44013 55645 10
57237 14519 15
40207 49227 14
44001 11357 15
27345 58778 8
9628 23108 1
22209 51803 8
37351 35647 15
4920 30809 2
19373 56785 4
32245 27597 8
5544 58811 11
24071 43491 16
806 54516 12
4004 45448 11
23764 46661 2
53868 23739 9
34896 24812 11
31208 17407 14
36544 3054 7
25393 45177 12
32113 57718 13
5266 47020 5
52266 55318 9
33612 55030 7
51531 55160 13
32993 14180 9
4759 18214 15
29293 45128 5
33408 54879 10
23513 25740 7
2126 50368 8
12572 39190 12
58316 48805 1
22622 39874 5
29890 11124 9
35659 17610 5
11788 38650 10
35500 32059 10
18794 32484 3
34016 41025 5
46931 52134 3
8695 19594 4
14797 44927 9
33975 37598 7
46213 18855 8
23885 31248 9
2881 6274 12
41453 9440 3
23717 177 9
34284 12352 8
21933 18655 6
46906 32955 14
39419 18650 8
34534 17613 12
32071 18448 12
32137 38531 7
53365 27289 3
28624 25570 9
54581 51691 12
47451 7665 14
37841 52874 2
34811 3636 14
39444 35266 2
8022 30382 5
13889 29908 7
19139 35290 3
39209 41622 12
9400 34314 10
35004 35172 14
42117 50996 11
28669 27182 5
10888 59881 8
37267 24468 17
17836 36775 4
39784 29024 11
45945 49000 7
36201 23813 9
47176 28230 8
10306 49401 15
50906 18367 10
31223 49251 8
46231 11701 8
38859 45100 7
13626 18007 11
37644 45878 11
37082 37441 4
52104 6484 7
31317 39876 12
35886 41831 14
12926 52857 5
2144 32778 0
9430 47412 6
11725 25557 10
24024 7318 0
46860 28191 1
5968 48813 11
22019 56751 10
56066 29455 13
31494 41544 9
41474 22713 3
31293 9624 11
40059 36801 6
18814 15050 11
56789 52260 9
47080 36789 8
34170 18972 5
10153 37852 9
2087 20808 9
15295 16825 5
1778 34611 7
8932 57852 5
55174 22667 14
30131 5522 12
40210 5834 2
23416 59451 10
34920 45003 14
59809 31746 9
17841 58445 10
35042 40669 13
6998 3908 7
16525 33701 10
32145 38219 13
54842 36052 15
53179 6471 11
14342 49187 9
19290 14777 13
36189 24022 10
27032 45817 3
10443 45545 12
21200 27952 6
2046 14307 11
16524 40279 9
22905 29586 5
20676 48725 12
211 30255 1
25003 13396 9
9760 10816 12
13512 12474 9
43413 35324 10
7746 27927 9
56975 4703 7
28054 30214 9
8175 50980 12
34478 15244 14
44265 41994 5
21596 48204 11
42534 8701 11
36257 34241 2
35164 15155 10
17300 46231 12
59147 2402 11
33139 2753 7
48112 19634 5
39975 5361 4
47198 48622 11
34020 44032 11
8157 58440 1
55573 21536 11
46908 342 7
23273 565 6
47968 21323 7
52965 58059 10
23123 43963 5
48603 266 14
30093 38559 3
23245 55836 3
1609 36799 9
677 46901 9
30433 35358 16
2865 49588 8
3488 30370 1
22473 52146 7
34568 40329 7
34395 24910 12
39126 8861 12
33263 39126 8
6987 9230 3
52699 30463 12
54842 53906 16
3370 52017 13
6633 47759 4
22454 53531 8
18470 33016 7
38388 14456 4
33615 27924 7
45465 49005 13
2401 41643 5
21880 8569 7
59912 14513 1
28043 10355 10
28525 18875 7
39074 28108 2
23304 4234 6
55176 24386 5
42533 47271 8
30147 35694 17
38857 41872 14
12501 35249 5
41703 18136 10
21756 27789 10
56677 20066 7
25647 2068 16
27211 38224 10
10238 19910 12
58965 30795 5
24302 39773 9
40595 11509 9
46951 3825 10
19038 11167 4
6074 37957 11
10427 41872 14
54214 31066 7
32052 38785 7
6666 29711 15
5974 10824 5
56218 46289 7
6868 38073 10
21457 39196 9
12605 8694 8
49216 19049 6
12704 52424 5
55935 26242 6
43821 11821 14
12993 7208 16
39886 28694 12
36624 52541 8
9780 3343 9
33917 24165 9
59350 7757 12
20523 53780 7
7356 16796 14
26723 8255 7
48017 722 7
42041 10716 10
51335 21816 14
44216 21227 8
33354 29001 10
56105 54487 9
11348 54332 12
34408 56671 6
59607 53004 3
34291 45512 6
23325 16688 10
27765 36297 5
6746 28438 14
45989 5244 1
53146 7242 11
31616 39958 7
22202 37757 9
38634 33961 15
13814 28104 13
2825 8809 7
56652 398 8
58851 43194 10
23043 826 12
18740 22924 16
6440 48975 5
50996 4189 15
44554 36286 9
27539 16465 13
6731 30827 8
24512 30788 9
9547 3347 7
52502 12167 12
31320 17597 18
44970 12151 8
11414 15789 5
46361 29861 16
26023 27867 15
13000 16558 12
24424 29017 3
7809 56143 11
31938 22823 15
54634 39168 6
3916 34376 15
55052 58786 13
19298 48728 10
21021 2831 8
18665 49226 9
27454 13434 3
4205 22810 12
36207 36459 14
29921 31415 13
12509 52359 7
44594 52983 12
37364 10181 12
3338 14404 13
35615 24946 12
2037 55763 14
7894 41249 1
11535 38651 12
38459 14605 12
6506 56386 16
8107 336 11
45403 30435 9
44640 46564 11
20192 43710 10
33149 32139 4
18449 50886 15
51166 30568 15
10125 49913 6
56268 39414 8
3615 23514 11
44793 32592 11
34338 2291 15
54715 16674 1
57239 28888 9
39496 58246 12
36513 53338 11
44471 7533 1
18908 58692 15
7079 22647 7
45056 41355 12
48002 37277 14
44152 11817 10
15997 38462 8
33733 13828 11
46464 22953 8
27399 2742 12
22931 47999 3
10869 13876 12
43262 25912 7
48562 9699 7
55126 39214 14
10768 12959 10
18718 32685 3
52266 7029 7
49312 10191 7
34250 37953 2
19937 40279 3
10312 52121 7
5172 29107 14
52506 49073 17
48322 15021 8
7489 53826 9
37232 2416 5
40369 33074 10
15333 16428 8
111 46895 8
48191 20413 5
39061 3358 6
11279 45063 2
12941 26641 13
56138 29057 2
2835 31503 9
57671 48980 14
21553 8219 1
13700 22 10
52284 14595 6
7313 38068 4
12213 36611 9
51780 3791 6
13592 14772 16
9010 33697 8
10051 50889 9
20752 4720 12
43644 25109 7
7538 25240 14
3383 20700 12
56287 55287 12
8483 48236 8
29487 59272 5
16448 52167 5
4189 26024 12
29212 23172 7
13281 55003 15
3921 10250 13
39055 36766 6
46076 48528 15
24912 26703 13
658 8 7
36128 33362 10
57511 11167 9
24727 54107 10
56574 51553 8
19104 31322 4
51573 36284 7
25501 21976 14
58184 45941 5
10910 13879 9
4068 11548 10
20543 45133 8
51974 33590 10
55915 56402 15
45993 56009 4
10815 38620 14
48087 12594 12
1044 28663 9
1512 55837 0
45888 25406 11
50688 22248 4
295 12640 14
53690 17149 5
44302 20464 6
30042 7871 13
15062 43503 12
51195 12004 1
7787 31413 7
59810 5389 13
37929 6290 10
12158 38020 10
51519 14153 3
1760 35662 12
9243 15767 12
3 32247 8
56250 43738 17
14950 1795 14
22073 15539 6
20564 12973 9
36529 56948 17
37303 42349 0
38924 4676 3
25962 40581 8
1243 10901 9
12195 4157 2
46959 20832 10
9649 43705 7
14173 23486 12
19553 39381 11
32686 6564 14
1318 10294 12
22581 2179 8
45871 29061 10
9929 48560 14
12209 36354 6
4622 30389 6
35782 4155 6
24914 16702 18
15511 4448 11
36122 32269 11
8000 20558 7
39115 40378 7
39327 23862 4
30316 58367 11
33589 13649 4
17713 19519 4
28260 59266 10
9432 33962 10
30073 48789 10
19248 31629 8
19397 49852 3
5622 13923 1
765 24658 9
52040 3926 6
12138 21005 12
32180 46644 10
12410 23171 8
40215 42747 14
42723 49291 11
24559 55385 9
24446 5904 8
27714 53787 8
46810 52723 2
3098 5519 13
42369 39881 5
4017 38344 14
23181 50084 10
59002 20920 14
45579 48066 7
18915 37872 9
6561 37896 6
18800 20928 1
57850 23368 14
58749 50449 6
39144 3089 14
48727 43851 2
26361 41386 10
41045 31771 6
49676 34861 11
31959 38643 14
39889 22808 17
45634 56940 6
15590 24213 2
28918 54119 14
18602 8008 17
44656 4040 8
59779 55720 13
48537 35794 4
47346 24755 0
59662 46447 7
48713 7111 15
24726 38720 8
8521 55138 11
51192 4592 16
32992 20937 8
13724 22250 12
38985 13988 6
28977 8259 5
50001 45716 13
31484 57154 4
3333 5758 4
45533 50826 9
50854 33848 9
24408 34534 13
58971 52934 3
33695 26884 8
47138 56366 10
20560 51481 14
37787 40868 5
33059 47021 13
49570 41250 10
9029 18740 12
59019 10964 11
33612 2294 11
25148 58286 3
49439 44656 8
29130 17216 6
4884 22489 2
11245 24911 18
50556 12006 15
39981 14604 9
40220 42821 3
5092 26781 6
49778 8779 7
34354 46011 6
4182 27658 2
47375 28063 3
16726 38555 12
18279 41448 11
5555 30484 7
46364 5342 2
43676 7419 10
22371 47546 15
51034 12983 10
31265 3541 1
4045 17179 17
1978 50057 5
50983 16869 6
17279 4706 3
51131 8133 4
23412 15700 3
7300 35613 11
607 32445 11
44601 57719 13
25411 34368 8
23556 48705 8
6103 17639 1
46513 32087 8
11179 48051 11
2747 2040 2
56358 23398 14
54408 53681 10
27208 36731 7
6429 40767 12
55700 49481 12
52271 55680 2
25773 16172 8
10858 18307 7
33680 808 5
21662 5230 13
46660 58384 17
28570 28241 13
55104 57210 11
342 6302 4
32694 14014 14
24715 31999 5
27484 50134 4
48660 27985 4
52506 1806 14
54542 31098 10
1172 58507 11
43738 44407 18
35329 8585 10
32396 41301 11
45698 21742 4
14990 22052 11
17132 32851 9
42982 23687 8
17674 38392 13
37688 10960 13
14974 17854 10
54581 54146 14
4073 2189 5
56262 42595 13
44771 45677 5
30141 3640 7
59261 44091 8
16723 44855 13
11138 10187 11
56125 53092 10
57777 6714 10
35909 42478 10
19644 45607 14
4757 24038 5
18232 25081 8
13191 51104 17
11620 21951 4
14035 39203 10
20113 19496 12
50834 52380 9
38871 59388 11
27459 48734 16
15619 55845 3
4424 50619 11
36386 49487 16
10258 11943 6
5665 959 1
44726 48068 11
55010 26815 14
6238 1983 16
40421 24934 6
25820 30594 5
58222 34753 18
30347 20151 13
26790 25021 11
11707 28104 11
57254 28936 9
31237 17887 8
52746 4153 10
6607 33614 4
231 37359 10
22887 45238 9
46048 49485 14
983 22100 5
27667 18132 7
7774 5458 12
57775 47098 6
44983 56417 8
7685 24884 7
48839 18802 9
52274 39520 7
14288 59816 9
3385 2212 11
4272 22623 16
58826 1124 9
26765 3574 8
23192 44441 13
11711 51209 11
44314 4464 4
28665 15386 15
36289 5006 6
24630 55890 5
9460 4724 12
4285 29699 9
1728 41457 14
31670 24665 8
57065 48497 8
10858 43918 13
3258 35524 12
11972 47266 13
56190 36309 9
39640 54132 17
21195 45295 11
57377 54673 7
56962 32772 9
33052 16653 15
35723 20167 6
6454 36062 13
10080 2318 1
44689 8143 11
16597 6817 12
39310 24006 16
59784 16072 5
29531 46757 12
54352 7211 12
42292 56529 12
3 5998 7
14143 49652 10
49599 35570 14
46241 12754 10
59124 14726 16
3779 17816 13
57092 1829 3
48063 19965 5
501 23514 14
40714 25828 10
40610 34033 2
36013 46423 18
30604 9242 9
7013 48033 15
31098 15829 5
42262 34198 6
37590 827 14
55621 50787 10
17067 38209 8
4123 56161 0
17751 9520 11
6844 12271 9
13571 44435 10
49724 26425 14
19861 51403 4
15800 50910 12
39767 16597 14
52347 29184 12
51721 1777 10
39313 51909 9
29479 28411 2
3593 1614 3
29170 43523 14
37830 47865 14
55605 42270 4
41333 46527 9
5338 6934 17
7858 35314 4
9575 52100 8
13698 33115 13
9845 34076 8
5033 38271 12
51407 5682 12
59170 1021 8
55856 8067 17
25752 12706 3
38141 16382 9
50409 54424 7
37575 41871 16
7718 25722 10
12768 44489 18
56647 54589 13
55326 44877 6
35550 40334 7
45220 31207 8
56969 51680 0
26838 30590 11
53397 54577 14
13256 40266 5
434 45292 14
47178 15884 14
58495 46020 12
16338 58604 9
38804 44313 3
52664 6014 10
19951 17528 14
45177 59207 7
35094 32938 7
29347 39922 9
31633 6137 1
172 33423 16
35906 50401 8
8283 37518 8
24231 58916 3
42023 53324 16
13139 11453 2
4250 11781 6
48433 48441 7
20876 29052 8
38996 11453 6
7298 5568 13
10899 38080 6
21505 30605 3
34258 31039 17
51682 31506 4
59447 7236 15
38449 35976 6
17745 28376 8
36021 18739 6
8285 54658 11
14850 23069 9
47805 13184 4
35535 38301 9
15906 40566 9
56688 42302 5
42646 18793 14
12199 9018 6
20179 50819 6
55828 21601 5
42194 32074 6
14317 49607 12
7205 19366 6
18484 8344 8
3774 46468 7
21899 44660 1
1723 33599 9
40004 6033 4
15401 57081 11
34646 12440 12
26402 49493 14
350 58898 18
2684 57386 9
1135 28992 5
33534 38915 6
46999 32058 11
31505 31445 0
53890 2534 4
36670 849 9
12106 44664 6
18452 4987 6
28637 53371 6
43047 26244 10
1568 5151 6
49672 51121 5
55951 26731 6
11084 25430 8
44908 50946 10
49999 34908 13
6457 24787 11
35320 58082 1
33394 123 8
48458 16223 9
41792 47773 10
54111 10305 14
45794 25559 10
16223 14687 17
42817 35356 2
26459 29347 2
43625 58131 14
34034 30601 16
43797 42828 11
7945 16338 11
40393 40346 10
24349 40206 10
24141 50469 13
50754 51031 15
52076 17224 11
49721 51362 12
43951 18913 5
59695 1885 13
7202 3249 13
30378 19338 12
30653 5952 2
14803 31319 10
5277 1280 7
28331 45668 7
43385 45211 14
32343 40737 13
14687 27216 14
11448 31414 14
32930 9047 9
9229 40323 16
32735 24220 14
18233 43667 13
59514 47908 10
21799 33037 12
53609 54957 10
34062 44558 2
33403 32605 0
11069 29222 2
8475 6265 9
36194 24959 17
15786 5406 5
3333 6799 8
14379 35914 10
28424 9984 13
20508 2556 15
55305 53577 6
17470 36142 5
42359 19608 9
28587 16237 10
12515 32946 9
49147 45622 9
15468 58097 10
22521 18553 14
44008 2565 11
42993 48577 18
15931 24918 5
31351 5817 18
45963 6679 14
41073 15297 4
58720 13928 4
35870 5142 12
51481 43021 11
6603 27735 0
11656 39072 6
29526 58183 9
65 10555 6
52801 47156 2
34080 31775 4
40517 16163 3
32299 44804 8
40844 12110 5
3484 50381 6
24298 19895 11
43891 31194 9
46915 57990 4
59279 5980 10
29947 27135 12
26787 47798 11
35575 14585 7
10992 36522 2
5628 30560 15
7707 13683 4
36964 905 8
56419 47887 0
21102 20843 3
10950 47356 9
6316 14461 0
26543 47714 8
18380 634 10
15717 51269 9
16121 19587 3
11182 25798 11
39037 6367 0
54658 8968 12
59515 21027 9
18439 57805 13
59023 437 5
5415 43522 10
3402 42158 5
45328 17467 6
42929 54022 9
29452 5920 13
26905 18258 2
38971 48343 15
22119 1124 10
55251 42533 8
48855 46257 12
31146 29985 2
23382 58585 3
55912 47076 10
58077 37714 3
3932 58910 8
13276 4770 11
5643 3676 3
48034 57435 2
25874 529 18
15613 31250 5
18535 20972 6
6732 14912 12
51124 26804 13
29104 38684 4
16268 19375 9
29650 31281 5
52450 34285 7
15033 17495 13
46908 25648 12
21026 39615 3
30100 59749 10
37189 58419 5
29775 55106 10
24668 23711 11
214 36760 14
48863 8408 9
44040 8178 5
23449 45283 7
59171 57686 6
9511 56690 12
18901 14510 10
5305 24243 10
28004 4971 8
13945 59142 9
1757 16634 9
4671 45219 13
8426 22122 8
17178 13672 17
47179 45135 9
44605 18787 10
9285 59193 13
33413 50664 9
20399 28002 4
3880 56446 8
15573 35781 9
20091 4233 8
55706 34762 9
7196 3404 5
15370 13213 7
19344 41994 10
51409 12269 12
33604 57317 7
1680 21244 6
16083 45555 9
17556 20419 14
43557 33445 6
49155 27798 12
11780 15588 2
11404 21398 2
4333 10289 7
49256 16219 9
33324 529 14
28098 24717 1
58341 46760 3
54008 59341 12
56833 13876 12
43281 49439 14
8597 16086 4
51404 38068 2
14187 22518 8
53601 22929 7
35133 54127 8
59587 8535 10
54445 16403 2
55547 29381 11
38202 19933 14
39360 28481 9
26602 38231 7
28303 42233 7
31803 33264 15
37035 52210 8
36143 37027 0
26160 33850 7
3047 55586 11
13798 7609 1
20109 33642 14
24098 40026 11
58713 39895 14
9015 40817 6
8573 2797 11
45623 35227 10
23152 45102 11
59228 28982 10
30453 40965 9
52470 17107 9
1741 8006 10
5702 33655 6
40087 4829 7
51625 24481 7
35893 26531 10
25981 6789 7
53222 37916 8
49360 8368 5
35024 28024 9
13209 49086 9
16017 15513 12
21022 26443 12
4626 25805 5
3987 24161 13
6561 47495 10
39680 56804 9
56878 9935 14
32961 22124 7
48058 13391 12
58703 49988 18
25591 42013 11
40609 36124 7
30221 50247 11
59897 46001 4
36119 5407 10
38318 11057 7
26857 43047 7
57875 58324 7
38896 41786 10
51137 20644 14
49823 10377 11
44418 2875 3
9715 42597 11
40245 352 16
8433 56308 3
49396 35934 6
23315 29806 7
37083 27926 11
21959 53863 5
40501 42564 15
8367 37946 6
36761 24149 8
3641 18960 10
22992 31277 4
52541 25656 10
56327 52479 8
53454 56533 0
7189 26750 10
2596 968 11
1830 15451 7
31902 641 16
36851 28303 4
41929 3436 7
21060 47496 4
40888 24806 8
41217 49406 5
59337 59671 1
17452 11497 6
34237 29607 7
12279 5083 4
35392 46652 7
34267 12211 10
23691 19282 3
18851 31242 7
44691 44449 5
44140 44171 10
9816 4351 7
5472 2734 10
32266 7204 11
42642 24202 14
58448 20168 14
18847 13522 5
4734 1886 13
57212 57869 16
10331 29086 5
44188 24407 6
26166 47976 4
7782 20340 3
53254 18711 12
44896 20592 15
4792 4266 10
59515 34189 10
41638 54998 5
12382 38892 4
29991 6846 5
31680 4537 11
21144 15408 11
21803 7197 14
21782 32735 13
18748 14093 10
46312 14238 12
54661 40687 14
42589 20622 5
42039 14645 9
32382 30245 9
48128 52542 6
15255 54539 7
19123 53490 11
7693 10692 2
13585 45347 4
32366 45271 12
30653 29273 5
56917 44703 2
17613 54869 8
15531 29325 14
20410 13952 11
34641 27167 4
13818 42612 2
30027 27610 5
38648 8662 13
18033 59090 14
40860 52313 1
49169 45319 6
22827 55001 7
49952 54911 4
43364 7118 13
52630 22657 2
10544 5194 7
59843 24568 14
21588 4577 6
38205 44999 14
25958 20202 14
8880 34027 7
51368 3926 5
25350 57154 7
46919 29038 6
4887 15725 17
10466 2138 9
34731 26462 9
5254 25445 13
3211 8532 14
22165 11395 10
48148 24085 9
32554 45702 7
47676 4232 9
2704 6844 10
30148 29438 1
46100 22507 17
55434 8910 12
48660 6867 9
54871 39133 14
34757 7718 7
30321 49528 4
56101 49762 2
44871 45233 5
12806 13163 11
8830 3300 5
43159 23878 9
1908 42167 7
45990 44533 9
51301 54004 0
55223 53728 13
27118 43519 16
17037 9831 10
25266 37947 10
13495 35761 3
1757 48932 12
6080 32611 4
45054 5085 11
31843 51672 2
42816 31523 11
59706 53184 10
16487 39428 14
40091 34625 1
6810 19437 13
50698 31460 16
26680 40605 6
8006 18330 10
33449 12532 3
32320 22437 15
18152 57500 9
52476 13607 6
19014 11481 6
35541 35074 8
15004 2159 7
4546 17818 14
13472 21294 15
610 11475 7
25374 21076 10
6063 6246 8
12146 39329 8
25060 42561 8
5716 31745 10
21233 9402 5
24371 36773 4
10675 6026 6
54428 11407 8
52401 20244 8
40500 37085 10
51612 28189 10
58243 15641 15
21726 40652 11
15427 51323 3
18247 33132 3
38563 32156 7
10551 7607 16
41360 15161 5
56290 2025 14
30724 4663 11
29289 214 10
46558 29241 10
11218 48078 11
32034 45570 8
29155 39596 13
45957 19188 3
21078 22238 3
48902 26004 8
10073 41993 6
15291 52429 0
54456 42456 2
50830 8795 4
4603 49392 3
38295 28659 11
14506 19182 15
44999 38074 13
52113 7429 8
29304 46571 3
57234 40669 10
11651 10791 8
23646 22615 12
24110 38617 10
11948 57234 5
4775 14830 9
16371 9723 7
15315 27612 9
30360 22773 17
45393 19546 14
15059 34433 10
40693 2328 6
45104 55452 13
47468 25836 5
34937 41700 8
28876 54283 11
1925 23519 18
6669 55977 10
35399 53030 1
12799 18910 7
39058 50373 13
50446 6027 7
30875 2464 6
45888 10442 15
45915 41818 8
3371 14155 15
41136 56329 10
33463 3768 7
7437 24226 9
2347 40079 10
32991 12069 11
10104 13117 4
7371 37224 0
34858 13770 11
50264 29976 2
48272 48701 12
48206 36566 11
53787 29174 6
32357 35337 13
11634 534 7
7850 23058 3
49710 26547 14
44432 17383 8
40450 47956 6
48335 26043 9
48954 43894 10
34455 21479 9
17648 29359 5
13002 13249 11
1810 15200 12
8632 26990 2
32945 37401 13
10997 28265 7
27899 21174 5
24968 2383 10
44764 47223 5
25588 41719 10
25452 37094 15
11101 53996 16
50584 11402 11
12399 7590 4
56711 49809 8
22980 38710 8
5177 12336 6
22663 51169 4
49846 27070 7
42671 41846 6
19276 48624 8
5582 16245 7
50828 9371 2
23371 25311 5
15181 57941 6
13948 18051 14
57515 4801 13
14483 51785 13
26154 14129 9
55315 18502 7
22387 43471 13
31933 20024 10
19824 3251 17
51911 8027 12
25769 4529 11
37839 55504 3
36274 18095 7
33679 9577 10
4253 1283 13
21687 23860 4
14330 35196 13
21068 3636 10
22584 20449 11
50930 4873 8
23081 59808 11
2576 29473 12
37323 42529 9
25480 34558 5
34539 53270 6
45944 45086 18
56349 51201 4
25302 16286 1
51476 45786 9
4802 7978 4
33091 3554 9
38222 52993 5
33816 40389 4
4938 42496 4
30332 12240 15
59598 4685 4
58826 54950 15
33932 6879 8
21392 5028 11
32325 24106 11
27286 51815 8
19113 58410 12
39529 30091 6
20101 43855 10
21901 41290 8
16618 59950 8
7417 19444 6
41682 59342 5
33795 39810 5
42308 33501 2
48160 54739 11
39819 47505 9
17528 13472 15
43981 34466 6
33749 24397 6
652 34260 11
15335 30753 12
18777 48880 13
30220 10075 2
3721 47090 10
18671 34543 13
48731 42024 8
4170 10750 6
34186 4090 12
33511 53393 14
45589 13983 3
51615 37630 10
21437 50249 8
57894 36567 11
54459 30342 9
35909 55392 10
891 11255 5
11918 21502 11
15182 3599 8
10674 27509 4
54036 50933 11
51851 11151 12
25519 1689 5
25545 48543 9
18655 30826 8
56011 480 9
53113 33516 8
111 34850 5
11819 34450 8
1666 20289 10
5529 40925 5
26985 35884 8
47509 43264 12
31058 55214 2
22487 48772 6
5200 2202 9
58753 36030 6
4738 16363 0
38486 41159 9
16560 11458 8
35869 19047 12
22173 18891 3
29562 17898 4
29020 8278 10
57693 26780 1
51715 49132 13
34029 26687 9
58210 547 10
17933 38028 12
36806 15095 8
33664 39960 8
44478 24056 8
13194 7676 18
51821 8509 5
46195 44743 5
44758 44332 6
25814 45340 3
25182 3174 7
7679 25300 14
23984 15100 5
46493 48509 15
46974 14995 3
2278 1997 5
14594 34541 7
41221 16438 11
22839 28037 7
57117 35258 4
54017 43280 7
56771 3514 8
33553 19326 8
28547 9980 13
41831 36996 14
54017 33032 10
37163 20442 5
47944 35952 9
55460 2512 12
38944 42966 8
27835 14987 11
33008 17585 2
35322 3427 7
34382 59436 11
6951 34078 3
25605 6424 8
34011 12833 17
55097 31156 16
43564 50732 13
2951 59973 17
50567 14050 6
22377 28362 14
29428 8515 1
22353 47192 5
19408 42857 10
21629 10402 8
8485 40169 12
50222 7305 1
34152 46625 0
9201 26900 12
4987 3184 9
51940 1685 7
29419 3025 14
3555 57373 11
52707 18114 15
44913 18532 15
26529 37666 13
14587 7699 9
31255 54759 13
20200 16103 14
16164 51365 5
4987 9702 11
23585 25895 8
18175 58055 15
16499 56333 6
18863 20185 6
19106 48299 5
33232 40068 12
15502 47842 10
59702 37964 8
41091 5597 13
49757 19448 9
1414 42977 13
10619 40618 11
32170 52018 11
53464 17777 11
50444 42158 2
34757 52045 1
37678 4414 2
29155 51511 10
37791 13147 11
28376 17463 14
14391 53863 10
5692 43187 7
25641 34520 9
14304 49690 17
55610 56655 10
9604 18322 9
1063 42212 11
24946 51621 16
24336 50658 6
34443 9045 3
14997 49982 11
8552 47651 5
52918 39052 7
27261 28947 9
14601 12965 16
38418 20550 10
50286 14709 8
275 20408 12
31272 29055 0
28186 52805 9
8514 45752 13
58172 51256 4
5541 52656 2
42860 34655 10
36005 54236 4
45905 1817 5
10638 1541 5
40544 9297 0
2487 59442 12
37659 34925 8
29732 45548 7
13542 16064 7
29804 57983 8
58740 36176 11
37979 3249 15
55595 58326 17
20236 2278 4
39825 56784 10
45804 18912 8
17335 23551 7
5768 23293 7
48081 2998 9
34338 29463 16
10268 22457 3
53320 28519 6
11184 23798 11
52118 24071 11
51254 49403 11
21432 6392 14
263 33110 8
56424 7313 2
4703 30179 5
51819 13150 14
49706 59698 3
25484 57692 11
17843 21522 8
25976 31446 11
35412 29568 10
51982 10658 18
13609 16158 8
56356 4133 11
30072 48705 8
25115 10400 12
25336 32735 9
37999 46320 15
14280 31230 12
56267 33302 4
37151 4663 11
2119 633 9
13499 43288 16
13263 5368 4
9245 43793 12
45029 6382 10
50464 7692 10
7198 54306 11
57683 18374 18
51417 52741 2
12432 33496 9
33018 57109 9
5945 22322 7
44923 56112 12
16645 52602 5
17005 27557 6
35483 59264 9
14653 55147 9
12549 14438 10
52918 48039 6
26046 4434 10
1692 58324 7
9536 44457 7
39839 38505 7
40574 37413 8
9061 30100 10
25119 5316 18
30825 42085 14
31638 3890 4
26824 46430 3
1343 39919 9
28852 45540 7
26027 35456 2
14226 44875 16
9205 11493 7
21961 21982 8
36991 28687 17
3416 45219 9
42019 27219 9
34241 46377 3
24148 53698 9
25999 25316 12
35814 38894 6
42615 8457 12
18718 40429 4
17626 38775 15
29110 55451 17
53156 21269 7
18932 43790 6
44415 938 4
8041 46091 9
18036 40454 2
23872 44648 2
12876 9589 11
43226 10527 11
24723 28066 13
39079 36058 11
50413 32375 16
46964 50763 14
29704 9081 9
2253 11430 7
36769 18691 13
18659 37169 4
30995 20093 11
5655 17771 2
35105 24217 14
36233 13355 15
30439 46497 9
51205 14562 12
10479 14052 0
55088 19343 9
29957 43362 8
13193 7113 10
35048 47229 2
54883 13310 7
49596 57459 4
21105 52661 11
58815 30660 15
1087 45821 9
50690 14305 13
47014 54953 9
47909 19697 13
9094 20692 15
36625 23807 10
33032 47247 6
45521 1625 7
38209 17519 4
39130 55891 10
57712 39292 10
17305 29360 9
9211 4377 11
10238 42631 8
49212 14278 7
1638 30123 5
39674 7078 5
39666 32283 10
57711 9438 7
22715 37780 3
24450 22837 10
3389 2400 17
5548 19889 16
7469 18536 7
23229 45459 4
6294 27885 10
44132 59301 11
14815 53867 13
43969 20215 7
50273 29164 9
58023 59255 10
55921 19569 11
26113 56948 14
41131 58375 12
13209 28865 14
59343 11931 17
29440 9761 11
38710 38906 8
21288 25228 9
28392 26729 9
15076 1826 12
48156 29713 6
16494 29349 14
43602 15466 2
27652 15698 7
3152 8612 8
17547 34323 10
6822 20592 9
13054 59561 7
56473 52252 5
44527 56823 11
46008 11501 9
6453 38004 13
31209 47764 5
36890 21879 15
23300 18461 8
29110 26944 10
41929 20243 6
40690 59537 2
11469 30586 8
51239 21319 9
41600 53356 6
39820 7963 8
43736 19388 7
51923 36995 5
48881 8595 3
32387 2450 6
35041 23319 7
14731 44607 15
29347 42913 1
6437 26670 14
59591 21122 12
45386 9 4
6510 29817 12
39892 16365 10
58627 55461 7
17959 46421 15
36645 24945 9
45247 31479 17
4243 991 10
33814 57461 11
7396 33593 5
33930 15223 4
27217 21907 6
458 17476 0
26627 45093 7
20420 56700 4
35354 31457 9
16924 3597 9
34581 21181 9
23981 10904 10
49986 32940 10
46763 6934 9
14436 51589 11
41073 13555 8
52083 2274 11
24486 46844 12
47171 26049 9
41512 32138 3
47208 30792 9
20040 44872 4
5884 54523 6
39977 5889 7
14178 40135 10
37277 27379 13
45755 47001 10
52085 49935 8
12761 30513 10
39668 15083 10
30384 3615 6
3171 29483 6
3500 20698 14
23823 35084 9
51172 59891 11
49898 20569 14
35318 52664 9
54474 3309 0
10523 13478 3
23035 55929 16
50583 48345 9
6107 59315 7
46370 15109 6
26783 19816 4
15762 1057 10
30729 41376 3
20397 38613 11
26009 12452 7
25980 23254 1
45841 27490 11
29029 32848 14
25111 33816 9
49346 48839 12
32862 48769 9
32485 5792 6
42478 45462 10
33764 45920 11
8636 7255 13
21600 55502 1
36517 48646 5
4551 19134 13
16909 2371 11
13474 8704 2
8844 27258 4
4343 2877 2
1449 37272 7
49138 50471 8
10541 20187 7
53105 51122 2
7173 13303 13
34862 24157 9
53679 35438 15
44577 14265 13
15718 33262 11
6253 20365 5
36298 21853 6
4108 43712 0
18507 58581 2
9609 23679 1
42158 56247 6
15028 24942 9
17033 17557 14
20474 47156 1
6541 13936 15
11982 30312 7
46728 778 9
7892 45465 9
1078 27800 4
7506 47213 1
18941 12197 8
31681 51102 9
39864 58685 9
41105 54425 8
46473 16176 9
35234 16973 13
11754 24627 0
12268 39028 8
49301 40051 10
35896 58812 3
113 19672 5
26205 7061 10
21701 24489 16
2502 26621 12
26174 25747 6
24744 24164 13
7683 54024 14
266 44475 7
54 40509 10
52019 55734 10
