52759 8907 9
1821 23033 11
20353 18193 15
11576 8384 8
53431 46037 11
6939 46642 10
33384 2648 9
2674 7611 9
15885 18046 8
45897 43131 6
2034 46772 4
16303 58908 14
58888 45401 8
34195 18634 11
37071 47455 9
23831 530 10
13271 57654 6
34960 28600 10
23805 12715 14
15632 26662 4
8889 6748 9
31072 8386 17
29400 28948 13
43296 20868 4
3559 57380 13
38148 44696 2
9904 27123 4
5959 44440 10
21068 56935 6
56036 29660 14
46409 17811 8
50855 5726 10
3394 54443 10
17820 22826 10
6482 19826 14
7731 31994 11
19966 38093 5
50359 29878 16
13990 31611 16
29490 17818 8
55551 23008 14
55431 56715 7
51181 5347 14
50315 52655 2
13166 44229 9
20770 13314 2
38803 31018 13
22425 52605 15
57696 46043 14
18660 54106 15
23340 4773 1
19066 2573 12
24878 33803 11
22486 4945 9
19589 46977 7
59557 26340 2
17944 54125 6
41432 33320 4
52846 37892 15
11673 22784 14
11550 20075 18
46464 44428 8
21620 59891 3
46932 36053 7
48317 33030 12
28778 18199 9
11475 46381 7
35367 7478 10
4139 8996 12
14214 50361 8
13153 56463 15
35916 49305 14
5321 32062 0
32502 50327 16
37439 44866 11
21330 45664 8
1039 53763 12
9948 57370 12
44730 22395 2
52709 26829 16
10543 23164 12
36974 12545 11
37980 232 0
59668 57801 12
21912 35865 7
15013 42153 2
8775 51866 4
23570 53027 7
42153 43704 1
14509 14214 6
30856 13451 10
44883 44199 0
76 42894 3
27129 39869 13
1806 9063 11
28861 25579 9
18648 4951 7
22268 44868 12
6235 6855 7
52916 44263 6
6527 44411 5
11028 12039 13
54440 37913 5
44280 13857 5
21471 43649 11
50028 33970 5
17589 43460 9
57869 16460 8
56253 25959 13
28586 52998 8
53916 31880 8
37219 37182 9
37236 10105 15
21012 18625 8
5320 28915 17
1809 48911 3
39797 19038 1
49552 18551 8
658 6335 14
59423 52152 10
4935 19423 4
5531 2347 10
29940 5308 12
42732 18502 7
21893 55484 3
38521 16924 10
49107 10148 12
58048 47246 5
48655 39282 10
20712 57095 9
33826 58772 2
37056 16025 7
8213 7784 11
54690 34605 3
29456 35626 4
32984 36969 10
57357 4408 13
55526 54232 2
53535 8226 2
5776 33272 11
30957 10385 10
22942 16104 7
17598 42582 12
32153 11652 5
35275 15065 0
23306 38406 6
19660 6344 5
37043 45830 0
8037 4728 9
53862 45859 10
1163 7113 11
19550 13908 4
33897 40400 2
38485 18031 7
33135 5010 6
13818 27159 3
240 31834 17
24283 36973 14
23916 33455 9
55052 52849 8
50540 54830 11
52031 39724 10
11262 15553 10
24615 16915 7
5007 48875 8
49424 4980 11
25664 4673 15
4095 48246 11
34080 42820 9
42163 12965 16
4635 43203 14
6428 14686 6
5674 47003 7
5751 55951 8
16971 28909 2
9662 51736 11
20882 48842 10
48789 3648 14
50845 6751 18
38234 54515 5
46899 46065 12
47622 28732 10
21922 16749 4
52861 26217 11
20098 22075 10
31723 12347 8
53987 53284 5
24945 36230 13
24987 54485 4
5937 713 11
38315 49120 7
46591 8301 11
5951 43916 15
17991 41326 13
22327 10729 10
29782 5278 12
20114 30296 9
23212 12888 9
31421 49490 6
59067 23902 15
51657 54284 4
43646 661 10
50422 24851 11
54758 8518 11
11106 22262 6
10877 9314 13
46731 12690 4
21428 23592 7
49669 17234 18
28860 16830 10
55071 52617 3
22197 41666 10
39869 20345 18
4752 7487 9
50950 30366 4
21695 3663 12
282 27810 11
10867 52832 9
20466 13451 11
59394 34925 10
45580 50951 7
35720 45272 3
730 8095 8
6327 57349 2
12168 45287 2
2724 30794 6
48434 46014 0
11407 34962 16
9199 3395 3
22168 30459 3
3229 29677 6
17186 53866 16
20248 54984 18
8484 25421 10
46319 34635 10
51355 12312 9
19268 13539 13
58207 13691 8
33054 2303 11
15023 28480 12
33009 55240 12
20836 22976 12
12253 57911 9
8932 31874 2
3258 33648 4
18461 16555 6
36465 28867 13
25503 18878 4
18465 1931 12
55462 16200 10
33979 27380 8
22929 5660 3
23935 31976 13
52971 42277 2
32087 57077 11
44377 28381 10
2242 9230 9
22056 14687 11
48890 22355 8
3147 9521 10
47979 36494 7
27366 26172 7
36067 51163 14
42089 9566 10
31376 47040 18
15672 20636 15
3315 58494 6
36061 99 7
44122 43970 17
56634 59681 9
18340 30074 11
34132 5746 16
55766 23788 9
51192 22627 10
55891 10460 8
27296 42068 7
24415 55297 7
37148 25820 8
33538 57954 6
25320 44575 11
10099 17742 8
35091 34453 7
56162 14289 15
50522 47132 11
25035 33863 8
39354 33 10
24042 22613 10
17894 35588 14
48218 50028 2
55061 26836 8
39478 34925 15
36919 19825 5
43026 43084 9
13945 55538 13
7927 23692 9
43415 53374 7
52335 51151 4
26542 8139 11
59658 20020 9
55805 25803 0
18898 18476 9
13749 2017 7
3779 20859 14
38748 48308 16
6853 36134 12
34823 49849 11
46970 15342 12
59341 55034 16
31312 35404 10
33702 20774 12
11756 59473 8
57061 559 8
8838 35769 4
17253 14798 5
47177 33319 6
4182 47028 6
21189 8705 9
37062 10215 16
58335 38984 5
55307 42164 13
46603 54045 5
26369 54753 1
36948 51712 4
59409 42988 17
38792 45589 5
37335 11509 1
40274 37491 10
21355 20741 4
52620 25440 11
43273 40621 4
52973 22102 9
23026 36938 6
6281 23933 10
19700 22747 8
27615 26259 18
44740 6723 2
11494 13062 12
19117 31928 2
55649 12500 3
58584 16609 7
4750 32740 8
33692 27164 15
44234 33383 10
37830 5947 10
17448 30146 3
32514 53069 5
58545 1804 12
47835 31411 6
39983 438 8
25274 24971 3
32241 38217 11
38700 49686 6
58207 43261 2
15989 40569 3
15929 21468 4
37078 44235 13
2528 30722 7
27796 55126 15
56049 33723 2
13850 37373 7
10623 49212 16
44551 2199 9
32899 47643 3
44663 55872 11
2015 7884 6
54197 30742 5
11251 39201 10
14973 4078 12
23906 29984 12
25911 16394 10
36324 25792 10
28887 31608 10
23319 54489 3
34338 21438 11
6937 39435 6
1487 54254 5
44022 4921 14
29503 20793 9
53924 5265 4
54821 3348 17
54675 2642 1
20112 17027 17
1620 52352 17
13186 22042 13
9660 39624 7
55207 9168 12
46962 16949 7
38893 57815 2
20252 29210 10
15594 49740 14
50159 58701 13
52020 9630 10
12599 26006 9
8820 47801 8
2113 22466 7
46972 34050 14
33060 59030 4
16955 6159 14
49934 56930 13
51755 20709 14
8294 57954 6
27400 56431 14
50687 9934 8
45642 3664 11
27534 43521 12
35653 55604 10
26537 5637 4
45947 46539 6
26917 933 14
35064 40705 2
8654 36861 17
30447 57553 9
36803 58401 12
11134 34445 8
16276 43954 9
54684 22265 8
52007 49032 9
40548 42337 9
39666 48994 11
21144 25439 10
20431 7575 14
23186 37532 8
20695 58925 9
38984 45843 7
48242 34448 12
24216 2463 4
39705 29524 8
16733 40563 5
16420 32258 12
21802 29118 10
20064 47127 8
57880 23106 11
46886 916 9
42214 17665 14
6855 20497 5
57817 33923 3
39140 46328 3
19796 56930 9
43319 54455 9
57194 40782 5
37571 1526 5
6785 23230 8
18082 33994 13
57456 19778 15
21990 52463 8
41750 29391 4
39615 46745 4
45019 28628 8
36182 58565 15
50017 27339 11
29244 58306 2
38131 19441 5
25616 19635 11
19605 8660 9
59555 16166 4
26258 9214 7
48814 59779 12
57898 15563 12
16104 18223 6
40601 23174 8
59757 48290 11
42235 50410 11
23016 8719 17
14154 23387 8
17687 29813 13
13834 25261 9
1298 58726 5
44077 10283 6
23510 3896 8
4656 45668 6
21002 58712 5
9660 50483 14
40788 8398 8
1011 52065 7
26066 39020 7
39379 36753 8
26886 15112 16
4262 20801 3
38130 9210 9
5396 36516 8
41866 6146 8
48646 52005 10
56969 4461 3
14144 10863 6
45864 25401 13
7016 20478 9
11237 50718 10
33412 47978 10
47946 48923 10
17483 44052 11
30386 32315 4
36936 24844 4
47380 34368 6
24946 48018 13
49882 4983 12
48201 9368 12
19328 49491 12
17510 21422 15
54323 6134 16
11360 20507 9
