24352 7981 34054 0
7835 35236 14820 0
10301 56851 52416 0
45002 22453 41265 0
52154 50958 10230 0
18337 31367 15648 0
24399 52395 19504 0
32109 17262 22008 0
53444 46598 40428 0
20659 51010 26959 0
41248 6082 33224 0
4756 10801 24345 0
30382 28896 24940 0
9034 19796 12670 0
24445 42100 59249 0
8250 3259 56129 0
16903 37953 57784 0
70 14417 33781 0
15068 30709 37937 0
39095 889 22987 0
51265 12119 35659 0
38914 49245 37914 0
7089 28325 25408 0
43960 33752 29869 0
16509 43539 30920 0
27124 23390 6745 0
40098 41789 25092 0
12504 18219 2493 0
303 50423 17003 0
36304 51186 5767 0
43577 21097 53399 0
25800 6704 21560 0
3132 14346 35507 0
450 39746 56050 0
58668 15920 57810 0
41824 39483 21996 0
47406 44431 20483 0
9942 45455 38808 0
21954 50857 58560 0
13196 56217 36090 0
36272 33847 8016 0
24872 28979 5585 0
48920 56217 5662 0
47267 31769 24367 0
41052 2411 32682 0
26820 15325 47031 0
124 15169 57486 0
54875 59984 58501 0
16447 5961 42185 0
30404 55253 1 0
44966 39542 32038 0
50472 19682 10276 0
13157 36215 14154 0
58376 10834 3016 0
18942 58309 39018 0
43389 24419 36371 0
39402 16119 8877 0
46196 5010 16415 0
43149 23131 50974 0
4971 42894 38105 0
50804 19735 55242 0
45021 1174 8323 0
28667 50489 23739 0
49185 42185 54313 0
34989 9459 12575 0
15578 48663 22137 0
1174 3610 12011 0
10859 47310 31341 0
6931 28378 31993 0
15330 51767 24308 0
12883 53143 54825 0
45451 45230 46763 0
20340 28667 25729 0
9544 35995 50909 0
1090 11522 44583 0
33640 27474 25576 0
4539 38946 50968 0
46703 44725 40611 0
30854 30368 45075 0
51585 22297 39207 0
58377 46934 28736 0
14853 54865 31567 0
55680 32378 54595 0
20674 49852 45690 0
42275 31181 27931 0
57686 17505 34623 0
38928 12635 32905 0
1807 59331 88 0
52698 56541 45193 0
21319 7371 38914 0
23911 8284 16363 0
50423 21972 4849 0
11152 43446 15786 0
37917 41100 57760 0
24013 53297 53354 0
38002 54775 37023 0
49317 14498 45495 0
45288 4951 24399 0
23703 13297 23176 0
47338 36921 52963 0
